AgonistClass,AntagonistClass,BindingClass
0.063595496,0.24880618,0.24113172
0.051474974,0.11089569,0.124658935
0.05348853,0.11900808,0.1395446
0.08221954,0.053401366,0.08184655
0.056328073,0.022798179,0.03278828
0.052268226,0.022282138,0.029627688
0.046646584,0.030979423,0.036296394
0.052221734,0.04766905,0.053811427
0.035434857,0.047710434,0.0524756
0.11861776,0.039827324,0.19411722
0.12285235,0.05408817,0.07945024
0.08130305,0.046117187,0.06667445
0.07270965,0.044457324,0.06897678
0.14217423,0.87266934,0.7815767
0.14494367,0.104289785,0.11759458
0.07650824,0.2288019,0.22143695
0.10426139,0.5656588,0.52291936
0.08902105,0.120217554,0.15521768
0.108199954,0.22780843,0.2307237
0.10188568,0.08377542,0.09724517
0.09455659,0.096878484,0.121339
0.07737673,0.25148395,0.23892699
0.12116261,0.4687254,0.4464869
0.09649262,0.70923793,0.56614155
0.11355106,0.5790872,0.52231413
0.084757075,0.2077778,0.21711123
0.08140448,0.40319932,0.35723272
0.08727055,0.23407258,0.2298578
0.077337794,0.1643975,0.16974802
0.27209496,0.21347484,0.27864015
0.08987927,0.20171477,0.24959773
0.90537184,0.39744395,0.90077406
0.083448015,0.28338245,0.27100077
0.08101588,0.07345731,0.083700314
0.12156673,0.18354067,0.25663835
0.05151437,0.03594925,0.051647227
0.09502785,0.04041058,0.057616588
0.06374552,0.16758266,0.16101071
0.0445985,0.09372156,0.09918747
0.3219537,0.78740287,0.55886245
0.0703547,0.05507921,0.0650137
0.15094012,0.45683894,0.41996476
0.11742293,0.031132368,0.051775414
0.1394943,0.041803304,0.06643593
0.16645676,0.07113017,0.12272675
0.16834752,0.07584028,0.14010745
0.07838913,0.18270773,0.1858124
0.06404024,0.16259088,0.15694982
0.170968,0.17081596,0.20213006
0.08762678,0.07465042,0.08845792
0.070940554,0.07129115,0.08187457
0.060333308,0.024750443,0.039726045
0.08780268,0.09680631,0.12805496
0.08614205,0.18850896,0.21413213
0.18491796,0.5816812,0.37497962
0.21257527,0.5408224,0.577249
0.19637209,0.1405958,0.2739743
0.14996757,0.24361868,0.25704584
0.14068545,0.59843856,0.5417533
0.14432032,0.6730004,0.62746876
0.09515593,0.13923804,0.15202823
0.10468896,0.12457995,0.13297273
0.085869215,0.07201242,0.08356056
0.13080943,0.026113844,0.042043053
0.10860794,0.18421006,0.1996049
0.15365681,0.033652265,0.058052253
0.109247595,0.042495944,0.059013996
0.21785383,0.1658976,0.22498794
0.18233937,0.28944206,0.32220873
0.26428097,0.7894871,0.71746296
0.20684475,0.4685723,0.42800024
0.09622268,0.01855351,0.027309828
0.06714078,0.019412294,0.02510201
0.071640685,0.030575857,0.04213178
0.07083291,0.016205076,0.022582406
0.05895765,0.04294447,0.047480024
0.07543714,0.054227553,0.06575925
0.07140799,0.08344948,0.099454455
0.1588881,0.079015814,0.095891096
0.12408922,0.038099043,0.06275183
0.10896556,0.15371223,0.19450906
0.21555059,0.7790322,0.7066734
0.16028474,0.06614493,0.09028695
0.16210492,0.064001374,0.090747096
0.11667051,0.06715285,0.08169364
0.105748296,0.028131582,0.041282196
0.10191328,0.020264903,0.032503355
0.06529018,0.07250861,0.08724419
0.06902401,0.05217532,0.06989862
0.078213744,0.05216218,0.06861808
0.060537677,0.10812753,0.12645802
0.062342755,0.06053605,0.07750301
0.056640986,0.07153778,0.08832775
0.066199005,0.03501154,0.048121918
0.05069007,0.03146998,0.043357484
0.084984206,0.027661696,0.047346987
0.101653785,0.03672241,0.051248938
0.1303169,0.052857026,0.07482031
0.025529964,0.08594178,0.07121299
0.14195341,0.10637395,0.139898
0.16450536,0.6805573,0.6437397
0.04953357,0.030346094,0.036691714
0.09549871,0.089022405,0.11660007
0.24449557,0.5477373,0.52242047
0.047934912,0.026963187,0.033225942
0.045067277,0.051261444,0.0551275
0.03987194,0.013387525,0.018422542
0.046906114,0.036256976,0.04197562
0.03477514,0.01427496,0.020343512
0.036668908,0.028050018,0.033505328
0.073424146,0.022410445,0.02923076
0.045085702,0.079809956,0.0748671
0.04853221,0.07501571,0.08078247
0.078463405,0.04953459,0.063469395
0.1835961,0.04510727,0.086553864
0.05886277,0.019011868,0.024286613
0.058014315,0.01584177,0.021002205
0.046271224,0.012135194,0.016713707
0.037582014,0.0105925845,0.014449406
0.1740659,0.7381844,0.58958423
0.15331267,0.086408414,0.13804032
0.13991366,0.92328376,0.88856596
0.13164695,0.055524003,0.08502609
0.04088603,0.014436511,0.019211024
0.0690009,0.021465031,0.027365452
0.051985536,0.014729837,0.019178793
0.040274736,0.019465797,0.026864912
0.069655545,0.043571994,0.050446276
0.06598111,0.052071895,0.06311503
0.06302301,0.037360296,0.047618106
0.06548649,0.042022318,0.056185953
0.060733583,0.059862174,0.0744297
0.07012776,0.025671242,0.038324706
0.056868784,0.037780754,0.04085315
0.059345715,0.04790904,0.057951573
0.07485367,0.11576821,0.13606864
0.056641098,0.028376982,0.04809148
0.08689831,0.043260228,0.051812228
0.07590106,0.035556503,0.046613142
0.0931316,0.030157631,0.03951663
0.07202192,0.024755737,0.035920616
0.05863169,0.04176491,0.05643143
0.049939178,0.029241351,0.036695033
0.05482778,0.030626003,0.03588656
0.21356736,0.11862184,0.26411894
0.05803841,0.021749992,0.030312113
0.13082165,0.03976874,0.075214535
0.093638614,0.16829082,0.16568007
0.0652116,0.015451921,0.021771964
0.058755208,0.027343059,0.03414063
0.041228198,0.031487506,0.040474188
0.04316965,0.01411127,0.019281855
0.21566632,0.7202408,0.6785719
0.06935034,0.055857256,0.058369156
0.09702352,0.032412827,0.04316807
0.075755835,0.030100014,0.048024014
0.062447548,0.031761978,0.047030613
0.2007475,0.28280282,0.36433032
0.078103,0.04708422,0.06188113
0.13710862,0.0458877,0.07667414
0.12340765,0.05503187,0.087855354
0.14431311,0.03781586,0.10381205
0.08690084,0.027630763,0.038060047
0.099157706,0.034786526,0.048166294
0.059626125,0.017375095,0.022057135
0.05694513,0.018003395,0.025509514
0.058663584,0.04293722,0.06779401
0.063707374,0.038624723,0.046064798
0.052874286,0.021028437,0.02986517
0.05386945,0.016303793,0.023742609
0.0680445,0.025784457,0.034831896
0.08608263,0.025708564,0.034910973
0.06428426,0.026963541,0.03608565
0.058876917,0.039644774,0.04987413
0.12741634,0.22375156,0.28596348
0.16535565,0.9424191,0.91033643
0.13388225,0.029824072,0.07994568
0.10083386,0.024398897,0.03888959
0.07734811,0.024500296,0.036232576
0.12765396,0.03843238,0.07403304
0.10770862,0.042968486,0.07440183
0.07918789,0.030268796,0.03940163
0.051217277,0.024221385,0.029155042
0.052998193,0.024984904,0.035032738
0.049783103,0.027803142,0.038248163
0.04674718,0.04204412,0.045757946
0.04661466,0.01987631,0.026982708
0.0680873,0.05732498,0.06710888
0.0825907,0.03442889,0.049926106
0.27292952,0.084138066,0.16187176
0.06304424,0.07433136,0.082272634
0.094462484,0.03649758,0.04982611
0.0736298,0.02628349,0.036268342
0.05815787,0.017675767,0.02469641
0.055293787,0.01902056,0.02804164
0.15740371,0.04319887,0.12020727
0.07369684,0.060885604,0.07067341
0.10026776,0.0430988,0.05900751
0.051820695,0.02187539,0.03146761
0.0598775,0.026403254,0.035459362
0.030843033,0.008552866,0.013892525
0.03269071,0.024821801,0.026831403
0.09313308,0.19642635,0.19305082
0.09584121,0.16024944,0.17119063
0.17711414,0.27427536,0.23537435
0.08210068,0.028063618,0.04818545
0.10075477,0.38717285,0.39828914
0.10472031,0.04923363,0.08499788
0.06924287,0.884185,0.80578744
0.1328287,0.033712618,0.0596845
0.090081505,0.022451762,0.035273984
0.14479232,0.061802305,0.10088963
0.11647379,0.03536548,0.05248262
0.07205934,0.40002358,0.3356717
0.0683838,0.026630962,0.03757346
0.052984502,0.025496153,0.039459493
0.113438345,0.06556846,0.08907316
0.120090336,0.05259825,0.07421612
0.057636797,0.024613746,0.035054613
0.06764217,0.033195276,0.047901217
0.22243091,0.054395992,0.10812433
0.12664205,0.07459571,0.10515297
0.07451272,0.037557602,0.054799914
0.07110993,0.034019776,0.052499242
0.12215482,0.08541069,0.113178454
0.101196304,0.14901602,0.16309361
0.06666009,0.042049307,0.061495304
0.30791035,0.08517672,0.34212953
0.12883747,0.09701004,0.13093592
0.13247752,0.109400705,0.14841981
0.3104805,0.10913697,0.20988111
0.13743353,0.13176781,0.19890264
0.13654421,0.15083447,0.22729194
0.0844012,0.09225903,0.10284745
0.16496298,0.15357494,0.19360748
0.075758755,0.046397213,0.055316646
0.12632136,0.32646185,0.3372265
0.08054598,0.91349417,0.8600971
0.21322963,0.37524974,0.34511712
0.20231943,0.35834962,0.33631754
0.09648974,0.34387726,0.35443795
0.067170046,0.6813388,0.5623925
0.3267486,0.5438659,0.50460994
0.1407397,0.5119074,0.5119159
0.10296769,0.24862283,0.22693807
0.15708667,0.30086243,0.37519827
0.36475563,0.09604337,0.20543544
0.12863334,0.11907113,0.13983078
0.14648448,0.77795947,0.76918536
0.20336942,0.13160393,0.17637606
0.093078755,0.9040037,0.8475029
0.23301205,0.43159598,0.3987278
0.18937287,0.65631104,0.4090359
0.1015326,0.9551881,0.8963144
0.15256938,0.97313416,0.9499055
0.045583382,0.021184891,0.030543022
0.07939455,0.22604387,0.21732953
0.14382502,0.061438125,0.06867218
0.06956022,0.19562098,0.19719274
0.16519122,0.26598096,0.32021943
0.1529574,0.049309243,0.07268466
0.15965188,0.124617115,0.15927057
0.112436086,0.05661625,0.104536206
0.09144052,0.9565676,0.9208259
0.20544313,0.18376414,0.3412447
0.0897898,0.14076431,0.19592065
0.06242866,0.3182087,0.2776568
0.15887043,0.21032338,0.31781745
0.15850222,0.5149964,0.5100053
0.108061604,0.25453198,0.24940433
0.26397428,0.12954111,0.20619972
0.19963978,0.093900844,0.1565115
0.10687882,0.58517534,0.57734364
0.11619267,0.60279185,0.5426217
0.13256343,0.12107194,0.15408716
0.17111187,0.29882792,0.28755236
0.15473148,0.13489208,0.18678065
0.07430472,0.10583439,0.10683916
0.1313305,0.15614493,0.20586361
0.38245314,0.25941965,0.3923159
0.1330742,0.17020369,0.21877883
0.076334305,0.029061649,0.047228187
0.111648485,0.37552506,0.356292
0.17677963,0.847031,0.78110135
0.10370937,0.08812023,0.11877461
0.28881234,0.48269606,0.49890906
0.10979706,0.05447566,0.06995046
0.22517891,0.10291176,0.16513386
0.0768946,0.039970666,0.058548868
0.16718408,0.93009204,0.87797165
0.11850058,0.14239725,0.183602
0.0996685,0.40927035,0.37342554
0.10046397,0.12162431,0.13295306
0.14453976,0.111532316,0.17518166
0.16762652,0.66966045,0.51481324
0.27098677,0.36341175,0.38388136
0.028311608,0.5480842,0.4140186
0.04429696,0.1230128,0.1211899
0.092491776,0.8844075,0.80085087
0.103687674,0.11502508,0.13942418
0.08441227,0.37773153,0.34185222
0.06681305,0.048841782,0.06676
0.12913641,0.931834,0.89595574
0.102018796,0.19490594,0.21938701
0.12728553,0.19826928,0.22750928
0.13511877,0.0872783,0.16404541
0.116263784,0.10069211,0.13082987
0.15130365,0.1033964,0.14404885
0.12658039,0.075238496,0.120948404
0.095911436,0.06978134,0.09463706
0.052948285,0.063963406,0.06922504
0.08152116,0.0678742,0.083712876
0.06419068,0.0831589,0.0884806
0.058914457,0.07316056,0.095036924
0.05175912,0.22469366,0.21834028
0.053000677,0.1221686,0.13568653
0.07637216,0.035332985,0.04793668
0.15312514,0.48326674,0.48737687
0.11447614,0.5863495,0.47199237
0.1259602,0.6039839,0.47372437
0.090763025,0.479442,0.40828574
0.116982654,0.1417584,0.16532466
0.07484537,0.19506873,0.19768484
0.076215714,0.06987957,0.103410676
0.07183146,0.060742788,0.09159793
0.119118966,0.08643652,0.10460088
0.062386215,0.075565085,0.079509325
0.15077998,0.1349311,0.18219565
0.11396901,0.08806585,0.15104215
0.08330885,0.058268115,0.086301796
0.100802965,0.17977868,0.1962914
0.14117067,0.26236814,0.27503127
0.21004619,0.1202249,0.2681933
0.075294055,0.80995494,0.6622501
0.059777252,0.057608407,0.07117341
0.08574092,0.09637422,0.11520494
0.07630806,0.18561119,0.18831085
0.23058031,0.18259381,0.22628406
0.10132972,0.092614375,0.10989031
0.058404263,0.039981417,0.049661
0.14719951,0.12587897,0.15501568
0.1700692,0.06579393,0.13001718
0.08044635,0.17200385,0.18527874
0.070171244,0.042442046,0.053539176
0.09894899,0.09575988,0.14145498
0.076233625,0.047178198,0.062495172
0.13455099,0.20487721,0.24414496
0.15784611,0.72925544,0.6455916
0.08497271,0.3266125,0.33578396
0.09913755,0.07232185,0.10493351
0.12053676,0.35438904,0.32406417
0.08687559,0.029579125,0.041353203
0.08274469,0.11070029,0.13041969
0.095056824,0.060533293,0.085130155
0.1453748,0.08280553,0.10073521
0.09327471,0.03785705,0.054453637
0.05353664,0.050676864,0.06894524
0.11683672,0.06388947,0.091729484
0.13021067,0.08008998,0.08901931
0.07072119,0.021743165,0.029676395
0.061360143,0.015602276,0.021180041
0.09273232,0.0218657,0.03267272
0.06589782,0.030432146,0.046792608
0.08413556,0.022424562,0.030114776
0.10815006,0.03806971,0.05355885
0.14019658,0.048537906,0.090107635
0.25405204,0.21596101,0.29301262
0.14717144,0.21323366,0.23716168
0.11719602,0.2102594,0.22803418
0.090362854,0.028471947,0.044840764
0.12290877,0.027153187,0.047795027
0.08701294,0.06087476,0.08178309
0.095944315,0.033341814,0.046628725
0.088881314,0.07511596,0.091272414
0.10711328,0.045081872,0.06361763
0.08447531,0.19722085,0.21382762
0.035225898,0.012860751,0.016089892
0.060511336,0.018545177,0.02455985
0.37430802,0.13862519,0.28916624
0.9505673,0.36219817,0.9439906
0.19054066,0.38199332,0.41662216
0.07426574,0.14987366,0.14988343
0.26170152,0.545066,0.52086014
0.10498827,0.6912209,0.5223064
0.14276949,0.25746796,0.29585648
0.23159052,0.936947,0.92029977
0.2385382,0.9485594,0.9329464
0.115001336,0.08818647,0.1185671
0.22414711,0.8266762,0.8128816
0.06844613,0.12776628,0.11594739
0.048874214,0.027178274,0.04012533
0.26315454,0.0504006,0.14532508
0.05037174,0.024596967,0.030265318
0.086776085,0.85815924,0.7535191
0.1075526,0.09752401,0.126107
0.080852576,0.10783785,0.13231635
0.19741158,0.09421579,0.16252168
0.06070159,0.044116244,0.047794387
0.26256388,0.24943201,0.42442983
0.11424567,0.8393949,0.7789314
0.056759045,0.022686943,0.03468815
0.05848795,0.023220811,0.031298455
0.6835837,0.33431545,0.5287347
0.15555903,0.0307897,0.13817456
0.42906353,0.14344133,0.2731112
0.33270946,0.21670571,0.2500229
0.47565776,0.19329028,0.34729812
0.12868257,0.8202815,0.75829947
0.040812943,0.028963957,0.034544587
0.11247961,0.27104467,0.25984454
0.102877475,0.16562906,0.1715275
0.13929419,0.4369561,0.43144342
0.08195515,0.40695179,0.35986435
0.068710834,0.52035636,0.47642675
0.13546173,0.6635243,0.5896312
0.312628,0.16702454,0.22999476
0.17067894,0.7272694,0.6137759
0.562637,0.9576086,0.95961696
0.08192474,0.3383016,0.31624973
0.07024878,0.111753866,0.13084987
0.1433962,0.25308856,0.23566586
0.09766162,0.06892343,0.08975206
0.13311349,0.09019171,0.11902335
0.17748049,0.08537883,0.12777099
0.0864596,0.85225034,0.8161285
0.09132054,0.8477726,0.81104755
0.1288781,0.63441616,0.63888866
0.12607063,0.05075398,0.07655877
0.10776535,0.3380513,0.34361875
0.33113232,0.3963693,0.47053355
0.18826407,0.62037814,0.5646207
0.12967816,0.09048575,0.10321184
0.11118645,0.16558026,0.1662526
0.31362295,0.94640285,0.93723756
0.08477104,0.25159356,0.24304447
0.08834411,0.45634595,0.38108283
0.15785322,0.2809673,0.32988444
0.12390095,0.04246738,0.059911616
0.47633252,0.45465854,0.5738716
0.13228028,0.885978,0.79967445
0.08922224,0.5810316,0.4913249
0.082514085,0.111845076,0.14259364
0.08915056,0.9060395,0.8445163
0.27728865,0.09613747,0.1787004
0.104917824,0.8583259,0.7326545
0.08447562,0.026553445,0.048104282
0.12060298,0.064358115,0.09109866
0.11626563,0.15762286,0.16682813
0.14144869,0.3766338,0.40137467
0.0719147,0.29862794,0.29954514
0.07253721,0.08321859,0.09857906
0.14398961,0.8580166,0.70777625
0.10031206,0.5977291,0.4573223
0.090292804,0.26792815,0.30618832
0.14163843,0.08901755,0.11767962
0.12651634,0.053507354,0.07290597
0.08870221,0.7017926,0.6082516
0.18662246,0.55088353,0.47745487
0.07554301,0.22880605,0.23542365
0.063439414,0.54923356,0.5119316
0.14706732,0.73707914,0.5999297
0.11912726,0.15169038,0.19855992
0.12058131,0.1626776,0.19961719
0.05410016,0.28532004,0.20042042
0.04543483,0.027735181,0.03709545
0.18468288,0.06228049,0.12543286
0.06305547,0.016649762,0.023362104
0.17726223,0.08699847,0.112763844
0.10294527,0.15995839,0.18157384
0.16420695,0.40769374,0.47728303
0.17455633,0.15588313,0.21212207
0.05063051,0.020900032,0.042561814
0.081609465,0.09507828,0.11095376
0.051401924,0.03616657,0.047155716
0.25460008,0.14809644,0.24409956
0.1427861,0.36898777,0.36163303
0.16344692,0.56935537,0.5300552
0.15520088,0.79330283,0.7142297
0.064692385,0.19970556,0.18656924
0.11821594,0.079392835,0.099652834
0.11731732,0.055675033,0.07687692
0.06412968,0.026340306,0.041180566
0.090987384,0.19482471,0.23567006
0.1050756,0.1802571,0.21345706
0.11886065,0.70486355,0.6069505
0.10638762,0.15169716,0.16047789
0.053885978,0.021031898,0.035174973
0.061963838,0.021935882,0.72106296
0.13561809,0.04183525,0.065582804
0.29576126,0.10503603,0.190884
0.07274239,0.02132832,0.028866591
0.033953734,0.011181941,0.016964486
0.088709265,0.057213634,0.075265415
0.08218412,0.027314331,0.032851186
0.21337868,0.40396014,0.40481874
0.1631893,0.25529063,0.2770463
0.05802114,0.033570353,0.045738734
0.22374982,0.14056186,0.22099005
0.13687494,0.034598175,0.06545017
0.14536472,0.078298666,0.1260104
0.08609381,0.020207597,0.03007269
0.15912236,0.09426803,0.15252493
0.15012014,0.52732044,0.45326594
0.15246746,0.34703362,0.395416
0.15422726,0.045582376,0.084061444
0.10590683,0.052723117,0.073659025
0.07501981,0.03280118,0.051960427
0.20437431,0.89836395,0.82696134
0.1796754,0.8979164,0.8694107
0.14529663,0.18559423,0.1999663
0.84388494,0.5721938,0.841079
0.74665385,0.38319293,0.6262905
0.10554305,0.08107506,0.09888097
0.041740354,0.03022919,0.047976136
0.06783351,0.03158316,0.041537743
0.18819217,0.23310171,0.33000898
0.22436967,0.20528245,0.26053852
0.118800774,0.46937698,0.4614835
0.14352235,0.7578572,0.68118393
0.11071237,0.078732304,0.096663624
0.1250264,0.7756323,0.7126162
0.09801019,0.393144,0.36813834
0.07060088,0.021535525,0.037450437
0.17962828,0.065617144,0.11620479
0.05994717,0.054061987,0.07106918
0.09006696,0.8992675,0.8159171
0.061120532,0.1533305,0.16235627
0.1330386,0.23086335,0.24284044
0.13350874,0.25905573,0.25312337
0.33600554,0.49626103,0.48193318
0.058178086,0.1827234,0.15634571
0.09794978,0.027848773,0.043848164
0.17164671,0.063083865,0.10597102
0.44181448,0.15165325,0.28326932
0.07885494,0.73286676,0.6261016
0.20212212,0.50959456,0.44133863
0.16686766,0.3496317,0.36663675
0.4400575,0.18424243,0.36182386
0.08957924,0.05116447,0.078990504
0.10061364,0.22671783,0.24631995
0.07815074,0.055544496,0.0738234
0.08600394,0.07566775,0.09415901
0.06733062,0.048355896,0.06646666
0.120454095,0.10341648,0.10775811
0.14756699,0.099556535,0.16015679
0.16017097,0.5383622,0.4532119
0.067782536,0.028118046,0.04067732
0.14307155,0.64247376,0.57030594
0.110807754,0.3758061,0.36669466
0.07498418,0.22963975,0.21037832
0.16999297,0.38216314,0.32583973
0.09427115,0.27226105,0.272589
0.13928151,0.15403466,0.16821146
0.08689946,0.4001183,0.3674577
0.14722201,0.52562875,0.49696282
0.076618545,0.040353894,0.06443416
0.088678345,0.0362425,0.05687528
0.20070134,0.71821404,0.64454466
0.08571638,0.58025664,0.48267725
0.093989,0.06604716,0.08149357
0.037313927,0.057029806,0.05836693
0.21687181,0.8674461,0.81688553
0.121449776,0.40042663,0.34218222
0.14707989,0.25087857,0.24783415
0.1950318,0.28565198,0.2815865
0.055076655,0.016968623,0.023137858
0.054617185,0.014699089,0.02038444
0.0670162,0.13201617,0.1485113
0.0774173,0.029720005,0.07303968
0.32107264,0.67633235,0.64323884
0.1327088,0.6503223,0.5389395
0.1674715,0.19796978,0.21092287
0.06399279,0.023612153,0.03579529
0.11406314,0.75175226,0.6407986
0.07946955,0.14609747,0.13626713
0.07421024,0.06503718,0.07292092
0.21195626,0.28160384,0.2942416
0.14474538,0.54577106,0.47419608
0.21172248,0.15329581,0.17297596
0.15197966,0.52493596,0.46829832
0.17104083,0.22327277,0.25148603
0.3930088,0.14275292,0.2790116
0.1472218,0.08408158,0.13787547
0.14027283,0.33542293,0.2992804
0.09738091,0.3613994,0.34281638
0.08438431,0.6188739,0.58479726
0.05875816,0.059672315,0.058333043
0.14563708,0.08915277,0.12196562
0.13791198,0.08442235,0.11544532
0.14559573,0.1186004,0.16731393
0.24800827,0.14654894,0.23538573
0.06477866,0.03867064,0.053507883
0.16087204,0.14895748,0.18180934
0.1509739,0.8048112,0.701893
0.10836441,0.0780973,0.090987146
0.06954856,0.39817277,0.37285578
0.19774756,0.5347987,0.45875558
0.10611127,0.30630982,0.3059708
0.07596889,0.07190306,0.09554337
0.17509906,0.56397223,0.54339004
0.121004626,0.07788343,0.0988999
0.15574645,0.64378107,0.5606013
0.20468527,0.92708266,0.9060406
0.17026782,0.5882979,0.4993345
0.19836149,0.7836348,0.7247155
0.124985084,0.05372613,0.31418473
0.17490138,0.5376822,0.52555573
0.08160857,0.10926961,0.1343576
0.029881151,0.030685477,0.03593726
0.0736883,0.11819894,0.14458203
0.1443639,0.22424807,0.33296114
0.19265138,0.46116418,0.48503497
0.16076767,0.46159306,0.43372878
0.09720013,0.1412038,0.14773215
0.34150463,0.14930607,0.2920944
0.22069448,0.44735187,0.40524456
0.3405962,0.93495566,0.8875643
0.13860662,0.57212454,0.5179712
0.12749994,0.068162315,0.117499106
0.119172685,0.14898637,0.21132657
0.2498852,0.65649724,0.6302989
0.1954577,0.095948406,0.12372295
0.057677347,0.32030544,0.23443873
0.103847526,0.859692,0.78406864
0.13946535,0.5074047,0.5257554
0.1667578,0.3782048,0.37721416
0.1154412,0.374073,0.33156404
0.13712789,0.64030814,0.5504113
0.17604849,0.6448566,0.53947616
0.048349608,0.06953827,0.07524797
0.09640177,0.4602005,0.38813335
0.14307877,0.21708785,0.2878773
0.21852641,0.5970984,0.53269315
0.08838408,0.53715557,0.49908817
0.042590875,0.44081503,0.36908165
0.1561531,0.16929133,0.21600264
0.122408904,0.32622433,0.31292593
0.1413466,0.19744946,0.22639245
0.0980839,0.082532816,0.103855275
0.08524156,0.15115777,0.17074811
0.10353548,0.13529281,0.16518815
0.086531654,0.29520944,0.25650856
0.12183558,0.17811862,0.22474319
0.08739929,0.15967998,0.1455404
0.051334567,0.089629166,0.08800611
0.13452166,0.101638615,0.18719357
0.13814084,0.19378492,0.26067498
0.17810975,0.21888463,0.25048837
0.10592729,0.18166523,0.18879314
0.1496068,0.6211809,0.45725718
0.17043635,0.8006305,0.7346727
0.10177661,0.66208476,0.5535085
0.13746206,0.90599835,0.86627966
0.3311607,0.15119699,0.226443
0.13237068,0.54362726,0.48931637
0.14991112,0.11153153,0.18530871
0.23791622,0.540898,0.4948451
0.18802972,0.088591084,0.12861994
0.09197249,0.16999504,0.15877834
0.15449491,0.71161556,0.63254654
0.083243325,0.14564806,0.16227335
0.071976915,0.044745546,0.060744967
0.05170254,0.031011755,0.037593536
0.1467272,0.7425742,0.67797774
0.13939016,0.9159957,0.7992369
0.08338257,0.2063364,0.21034594
0.069994636,0.035748694,0.044351857
0.14134385,0.7358379,0.6827308
0.47278738,0.3670933,0.5175962
0.0762595,0.03348643,0.066639766
0.10848198,0.6531342,0.5949671
0.32602423,0.47018984,0.45372474
0.102487884,0.19300288,0.20693533
0.12441806,0.04291993,0.06141553
0.11390554,0.26858547,0.25450984
0.82718563,0.3182037,0.6831291
0.11620677,0.8358836,0.7380476
0.15853527,0.28941017,0.27783543
0.16459708,0.3042413,0.381652
0.13787155,0.23399454,0.21370961
0.12752704,0.32407862,0.34218958
0.09374515,0.21104734,0.20341179
0.36268857,0.586038,0.6052314
0.14376591,0.14758658,0.16023062
0.2128899,0.19541138,0.24398871
0.0864077,0.06160219,0.07697413
0.18464753,0.16959704,0.22148181
0.21890976,0.48066303,0.47657302
0.08548719,0.42983365,0.33322257
0.087186456,0.30841908,0.31818265
0.17929827,0.093251355,0.12565477
0.08382265,0.10244455,0.123599224
0.043669835,0.24146642,0.19359554
0.1949361,0.3961785,0.44849527
0.13885158,0.3037524,0.33337292
0.15962033,0.07923789,0.13353443
0.15766542,0.19270322,0.1992201
0.10611483,0.22534478,0.22014548
0.17144394,0.83159024,0.7989327
0.19403508,0.9225965,0.84985495
0.23556533,0.38157788,0.38618973
0.083156325,0.64518154,0.5073178
0.5942249,0.9152566,0.9498316
0.058808677,0.037788294,0.04633811
0.07070853,0.12541173,0.13974695
0.16114254,0.16686662,0.18571849
0.16041702,0.15819256,0.24563275
0.14182074,0.07633153,0.11642934
0.067411125,0.3461493,0.2599251
0.2986578,0.57185143,0.55785495
0.3783417,0.2021573,0.27388707
0.24839135,0.25236592,0.3502454
0.13498764,0.70569676,0.52234006
0.11508053,0.1026978,0.11472899
0.25726286,0.6269281,0.58819824
0.11685304,0.08976292,0.112033956
0.10118931,0.6936412,0.57541394
0.23422457,0.7557378,0.72663856
0.19119278,0.046121143,0.19667354
0.08955061,0.11882867,0.12713438
0.07774153,0.8745333,0.8250704
0.110383324,0.13171545,0.16567677
0.0906174,0.10839215,0.13649136
0.111946955,0.93996084,0.8452836
0.1076157,0.12342891,0.15215111
0.11117197,0.8538289,0.69812083
0.3302503,0.11207661,0.18566093
0.18560041,0.93604624,0.874651
0.8978663,0.22455917,0.92817026
0.14239693,0.5677483,0.5222744
0.117635764,0.12491726,0.13814214
0.102843076,0.17749034,0.17879426
0.17387736,0.49462754,0.4565362
0.09398182,0.113073446,0.13520265
0.088903,0.9587848,0.93017405
0.15824251,0.94687843,0.89292175
0.15583825,0.14021353,0.19861944
0.06803944,0.02234598,0.028791726
0.069003105,0.16300148,0.16081597
0.1202587,0.06872368,0.12648828
0.18148917,0.17586944,0.22011247
0.10895114,0.41992506,0.39298075
0.121351644,0.036222495,0.05152104
0.10314136,0.120398976,0.1613237
0.10621761,0.09687465,0.1164921
0.08211592,0.42725915,0.38345495
0.087400824,0.85523933,0.75412816
0.1266615,0.88719416,0.8516892
0.2503145,0.065699756,0.15123351
0.10313258,0.26842654,0.327926
0.21029404,0.44573888,0.3939555
0.14246236,0.167524,0.20466305
0.12645292,0.107159086,0.14554355
0.17773975,0.561257,0.5140737
0.089362174,0.28345287,0.2630226
0.08621192,0.19606711,0.19973218
0.07704834,0.056605034,0.070027046
0.188718,0.1631752,0.20086485
0.102355756,0.24568483,0.24870463
0.10570086,0.14431556,0.20940265
0.25956804,0.3489006,0.29407954
0.22299665,0.53531826,0.56382424
0.07586097,0.45600381,0.38199797
0.08713962,0.104795486,0.16043983
0.06413274,0.11654724,0.115091436
0.12404923,0.5800773,0.54849225
0.22063899,0.29267997,0.29695648
0.13081484,0.6661575,0.60877824
0.08629237,0.16019033,0.15352856
0.09673152,0.28700042,0.2864237
0.18933791,0.3179836,0.33976024
0.13991544,0.89683414,0.81145614
0.1094033,0.53854525,0.4567096
0.0986339,0.34136894,0.33737946
0.09587284,0.28369686,0.26118395
0.07393664,0.06847687,0.08367422
0.10614224,0.3612098,0.29965445
0.10758697,0.55880183,0.4511769
0.15801275,0.095447525,0.1233791
0.11514166,0.13117102,0.1536613
0.096889056,0.591033,0.5383396
0.07370431,0.09352555,0.10068084
0.162849,0.09233683,0.12681124
0.16134581,0.6122008,0.5762277
0.118262514,0.38756496,0.4024166
0.48923275,0.16781646,0.32348347
0.10683056,0.08119095,0.10573729
0.21380197,0.9576289,0.9378558
0.034082167,0.030643022,0.03920211
0.09459157,0.13347736,0.19168991
0.26645675,0.95666677,0.93815136
0.049606208,0.016255546,0.022288835
0.11880852,0.12275949,0.13852592
0.10408097,0.39948156,0.37539148
0.06818882,0.06459637,0.08465987
0.39091372,0.28550515,0.31022218
0.111067645,0.20621665,0.24284996
0.061961394,0.027213901,0.037175603
0.06580552,0.036438785,0.046863623
0.119831204,0.6631895,0.53367513
0.10637467,0.866067,0.7787876
0.2603867,0.42993942,0.45832622
0.12870622,0.78106534,0.67625904
0.1647707,0.18870744,0.2438877
0.11999785,0.9447084,0.90111136
0.13199116,0.045490164,0.08137551
0.9370582,0.8333419,0.92067343
0.15439318,0.582388,0.47000742
0.14530449,0.183893,0.2021788
0.09122939,0.23525114,0.24951784
0.06694181,0.01977065,0.02832681
0.05425377,0.06188021,0.08432648
0.12989256,0.13431695,0.16175185
0.14692122,0.96121985,0.9259632
0.09485802,0.8139944,0.7007985
0.1293624,0.20199017,0.18922353
0.11008501,0.17975587,0.18339491
0.12859401,0.32003123,0.33281466
0.18163915,0.43230593,0.42560568
0.16417825,0.08423427,0.1394545
0.07117178,0.086785264,0.09067323
0.0632,0.36556742,0.25883007
0.33887613,0.22005862,0.27682027
0.22211245,0.11304096,0.14166348
0.14950266,0.10889713,0.16970153
0.05217,0.094466016,0.09954369
0.16267914,0.25502202,0.3016674
0.108041994,0.109492905,0.13231428
0.09733252,0.06446736,0.07716914
0.08819733,0.043071143,0.071075656
0.28590876,0.7647264,0.5280843
0.10142645,0.58393085,0.5092222
0.14397155,0.08657113,0.11545242
0.2498318,0.776762,0.7283724
0.1411878,0.167547,0.19929451
0.14536537,0.73366106,0.6280128
0.10064518,0.15474018,0.2043592
0.07158435,0.8383794,0.665085
0.8088892,0.39040536,0.7269279
0.032803483,0.11216216,0.11001729
0.0677075,0.034866747,0.039492358
0.05492462,0.29356226,0.27729592
0.18658672,0.9314044,0.864596
0.05053395,0.08736613,0.0956486
0.07192022,0.5980136,0.519913
0.07746784,0.7701803,0.7000793
0.106286645,0.4756426,0.35079288
0.34162697,0.7744002,0.7630082
0.3649702,0.18614057,0.31300303
0.14080158,0.272404,0.27869457
0.13914026,0.31746563,0.3147928
0.14065968,0.16368292,0.17116171
0.10373729,0.063369624,0.110229224
0.14363858,0.039999403,0.070285946
0.0834639,0.04028002,0.0714177
0.08403054,0.03684023,0.070217736
0.17342299,0.51447624,0.43120888
0.06986957,0.80952287,0.7369938
0.15105172,0.5806654,0.43344116
0.11046874,0.7430378,0.61806935
0.11337975,0.039156668,0.054791186
0.20502047,0.11811125,0.1701908
0.14680421,0.1598697,0.16827855
0.11943048,0.7515781,0.6358662
0.16353387,0.48921183,0.4644984
0.1232413,0.039674815,0.059836444
0.10583161,0.30933806,0.31204164
0.10152596,0.34680936,0.27555412
0.17127989,0.23808871,0.2536585
0.09635437,0.12852256,0.18277538
0.16243765,0.5620826,0.4590752
0.1270995,0.13480619,0.16893066
0.09922404,0.9373482,0.907937
0.1405314,0.45271248,0.3675815
0.037050188,0.5092054,0.4013803
0.11696001,0.94386184,0.8939358
0.13758029,0.45698974,0.3742935
0.12445291,0.15863182,0.17954311
0.13744706,0.14891137,0.19995208
0.09620238,0.3186617,0.39304477
0.103175186,0.035709556,0.046890903
0.22771785,0.84276474,0.749078
0.14353305,0.87743264,0.8416865
0.12470611,0.11908821,0.17676733
0.11989,0.108216055,0.13822676
0.082026884,0.050622262,0.08597276
0.0840447,0.03435202,0.0640742
0.05026154,0.086156845,0.08238907
0.067737326,0.06456332,0.0749162
0.08395509,0.87603086,0.80274415
0.078548536,0.15948471,0.1557646
0.06333586,0.102371864,0.12217656
0.14222562,0.0747672,0.11194872
0.13789415,0.051709287,0.23376802
0.04285833,0.02491135,0.032989718
0.28524056,0.3854454,0.4054123
0.120569564,0.11053584,0.13348465
0.17673308,0.5126303,0.3890189
0.13683903,0.4505615,0.35651633
0.14516814,0.07305355,0.118303984
0.14615405,0.40327862,0.47002167
0.13436186,0.18952309,0.2033426
0.07371857,0.11433913,0.1089506
0.17123969,0.68634176,0.5866658
0.11772437,0.28235093,0.28233665
0.15734638,0.65823907,0.5944098
0.12769467,0.24073087,0.2922368
0.115660936,0.13333172,0.14299369
0.034731578,0.01994714,0.025581997
0.13325588,0.3802791,0.33316115
0.9181183,0.9352672,0.9462547
0.11328048,0.59885424,0.5316385
0.15964265,0.29640415,0.32184264
0.15616873,0.5160456,0.5171504
0.09021569,0.40209377,0.33467695
0.117763355,0.09936119,0.120893285
0.10005786,0.048636585,0.07045544
0.21412787,0.083724834,0.13267553
0.083318666,0.023965795,0.037470583
0.048284266,0.021193672,0.031540204
0.15977377,0.8935669,0.85532767
0.69185615,0.8035997,0.8657206
0.1949002,0.13471262,0.20710462
0.06251308,0.48590288,0.41066027
0.21740438,0.29998863,0.39684647
0.13692193,0.33138943,0.31439802
0.12210996,0.18334092,0.18930545
0.14084813,0.19164664,0.22868823
0.15874666,0.25112084,0.3193599
0.065956034,0.05771127,0.06589333
0.07798218,0.9158134,0.85225594
0.07691236,0.1237419,0.12239743
0.10741407,0.6714242,0.57445633
0.17852592,0.15740632,0.18703882
0.03899179,0.024913874,0.033487093
0.3444095,0.4711275,0.48374945
0.35569653,0.123054825,0.24838643
0.10833276,0.3348162,0.36238533
0.28218362,0.15595059,0.3110876
0.19445619,0.07916994,0.10230194
0.14879799,0.09526446,0.1522585
0.09508105,0.23006435,0.23151058
0.29824364,0.4487728,0.47366944
0.66845536,0.9293946,0.94537526
0.22332779,0.439028,0.44443786
0.1328743,0.46142414,0.4523739
0.19858028,0.33524573,0.3823339
0.101707466,0.05219309,0.073432975
0.091777086,0.6764208,0.63418967
0.15273118,0.16721003,0.21329266
0.19861367,0.3661307,0.42840803
0.12777708,0.09492244,0.112785034
0.117856316,0.1559498,0.18110563
0.08466243,0.07854685,0.08638751
0.22568849,0.29965788,0.3704747
0.13646476,0.23075972,0.22515006
0.0940226,0.036746915,0.056325942
0.21225178,0.8715535,0.77938247
0.0567923,0.057947326,0.094831616
0.07501296,0.058254093,0.073407
0.10918729,0.145483,0.1731759
0.07425049,0.042619776,0.06334948
0.5949702,0.7550007,0.76577437
0.05170462,0.01874518,0.027212048
0.94444,0.22764556,0.9060648
0.6882517,0.96269673,0.9682493
0.6916554,0.9590089,0.96527237
0.097395726,0.94519657,0.87237257
0.23018552,0.22422224,0.344783
0.12991273,0.94222844,0.89109415
0.416591,0.83459395,0.7995807
0.06828605,0.64739454,0.6078359
0.11756169,0.047357257,0.07378008
0.18370804,0.87886435,0.84683025
0.19415337,0.33243334,0.3380203
0.118612126,0.8477335,0.7353262
0.077614136,0.25970685,0.2866704
0.18284269,0.52392125,0.52809304
0.18012866,0.35102886,0.37019885
0.14042477,0.14671014,0.21729438
0.0738504,0.03587452,0.05663836
0.0382758,0.24153508,0.23115052
0.051071495,0.1270337,0.14276199
0.11409995,0.308371,0.33781835
0.1264543,0.07194519,0.08951702
0.0644344,0.018371353,0.027831487
0.100685574,0.7809069,0.6825904
0.18611985,0.13474435,0.5167829
0.081959926,0.039513048,0.055432864
0.055272896,0.0389974,0.043429345
0.12445164,0.5284851,0.45948792
0.12486403,0.25469705,0.24519359
0.13251248,0.35023987,0.3548415
0.08335886,0.87313867,0.7983924
0.07792695,0.024228174,0.060940463
0.13876525,0.11896561,0.12123311
0.26666057,0.13966706,0.3772937
0.14015229,0.46490395,0.43040416
0.11814597,0.50275165,0.44181505
0.10361325,0.20394047,0.23551199
0.9336984,0.5539697,0.9178693
0.04822681,0.053318027,0.0654182
0.07061191,0.08323123,0.09364986
0.22576214,0.7012458,0.671339
0.19349587,0.2354347,0.35201448
0.24033311,0.49533153,0.56382084
0.082766615,0.019438125,0.034111954
0.9030387,0.5568987,0.93463916
0.07760781,0.27761224,0.26596162
0.46159425,0.5209708,0.5288004
0.24042012,0.40473652,0.39233938
0.17713597,0.22505407,0.27747148
0.06374461,0.111163504,0.1336882
0.25497252,0.37207025,0.39252457
0.07872467,0.07908406,0.10052837
0.23081644,0.3435228,0.32767206
0.0754485,0.085717924,0.097603396
0.14975707,0.31565082,0.34482163
0.055549376,0.12547082,0.1269387
0.076461904,0.90325505,0.8507878
0.27523887,0.48006612,0.448498
0.9519425,0.32496437,0.9443225
0.6261903,0.9379929,0.94283146
0.089373656,0.9424366,0.8917328
0.8206585,0.62664205,0.8662479
0.08872076,0.66268724,0.6110321
0.18829334,0.48246953,0.46611312
0.10368286,0.13796408,0.15765102
0.10962709,0.8557579,0.81447375
0.102057725,0.14748381,0.17337608
0.10791881,0.16726036,0.17619544
0.05991383,0.024582803,0.03501679
0.103289805,0.20982437,0.23266825
0.06347841,0.083223075,0.07417871
0.16522197,0.22890355,0.2987772
0.05836186,0.039119385,0.044639643
0.074041694,0.13561085,0.14479445
0.20702079,0.10043796,0.1483092
0.14037466,0.06321414,0.075685605
0.2764534,0.14494734,0.22852944
0.09818867,0.054619193,0.07470663
0.14875184,0.28481755,0.3000114
0.15768133,0.095151454,0.14835499
0.077072814,0.04034781,0.05546413
0.09706858,0.027958045,0.03946974
0.0600033,0.018037405,0.021472177
0.12486779,0.12732932,0.14440143
0.07949231,0.09101641,0.12415766
0.04862935,0.06668808,0.07128952
0.064688504,0.041742492,0.04241469
0.104095444,0.1325858,0.15667294
0.15974824,0.05229685,0.09813736
0.09510995,0.17979506,0.1969333
0.107144974,0.36148483,0.3189432
0.10284577,0.8678289,0.7214661
0.055080775,0.038523506,0.04295277
0.13821797,0.66232437,0.5352603
0.13262439,0.09288588,0.13808674
0.08706477,0.10232481,0.11271216
0.11964795,0.07332668,0.10749829
0.15419324,0.61407095,0.61994416
0.12590955,0.653701,0.5103921
0.122867,0.7602937,0.6314542
0.12518094,0.15924105,0.17909527
0.084498495,0.105502635,0.11889814
0.06899486,0.09991456,0.12561633
0.051385056,0.0181611,0.026727945
0.10075772,0.6140666,0.5849844
0.10873213,0.5115471,0.39185318
0.062212486,0.03109316,0.043919094
0.04615996,0.015388567,0.021179082
0.049285315,0.040808894,0.045777064
0.05391877,0.06162803,0.08122407
0.23255245,0.24890009,0.2701741
0.12668699,0.055501815,0.08899747
0.11074456,0.491199,0.37307352
0.12627903,0.3902032,0.33260193
0.07627648,0.032919254,0.043172922
0.09499223,0.81445676,0.69325197
0.15337765,0.89414746,0.84502286
0.09640764,0.63401973,0.58065104
0.15335819,0.64500225,0.5090099
0.05153027,0.026682515,0.034310453
0.061396968,0.80531764,0.7676359
0.08715229,0.3211253,0.27734712
0.09732867,0.48097625,0.43713087
0.045187604,0.032191254,0.036382556
0.08380485,0.93080723,0.87695926
0.15451294,0.059820373,0.11090644
0.15254329,0.07521654,0.13483271
0.03633741,0.012849617,0.017116858
0.037383474,0.013531093,0.01681918
0.11781607,0.11836848,0.16391402
0.08911206,0.4318257,0.3907296
0.18745494,0.070732065,0.15548018
0.04684599,0.014476695,0.019597035
0.6037722,0.96914434,0.9739163
0.19737576,0.7287775,0.46741515
0.94039583,0.47965732,0.9440981
0.9542364,0.31760323,0.9269668
0.13779208,0.7771197,0.7131178
0.04052722,0.0135301305,0.019928243
0.08536817,0.16891421,0.16964525
0.06159869,0.071215816,0.083771855
0.257516,0.05644061,0.34663263
0.13184994,0.22867611,0.26320177
0.107589655,0.14807639,0.1635969
0.080734015,0.04264139,0.06483215
0.1461094,0.12953277,0.16289645
0.13416286,0.50868416,0.4486954
0.964998,0.4901403,0.9730123
0.14520837,0.15506062,0.18206893
0.10854824,0.6559928,0.5622486
0.21958949,0.16634,0.24707118
0.07156155,0.024820402,0.03959403
0.040606618,0.22335139,0.17579131
0.09863174,0.16678897,0.22298717
0.054930545,0.25886205,0.25122947
0.21123365,0.09585028,0.15398861
0.083014905,0.03867838,0.050423052
0.38643077,0.33372274,0.35516727
0.09426619,0.13617659,0.1563552
0.16074723,0.04592437,0.06763149
0.10453473,0.16260955,0.17384571
0.15041797,0.3266987,0.35509735
0.14832668,0.095249005,0.11511092
0.083089754,0.16416098,0.17600468
0.13117991,0.0351276,0.05423597
0.074706465,0.05701233,0.08029286
0.16405605,0.099908814,0.15610416
0.13853845,0.7462157,0.6777481
0.13788836,0.039976597,0.07674405
0.1341611,0.100616656,0.14541343
0.16589904,0.07817398,0.13823295
0.14023598,0.2188687,0.24135354
0.0795872,0.2489541,0.24851725
0.06290514,0.027028387,0.038068656
0.1402594,0.14955291,0.23197183
0.08431998,0.06775174,0.08294665
0.0871888,0.07220396,0.08635566
0.109935075,0.57151973,0.45813802
0.056875132,0.043187402,0.04410379
0.12661946,0.27560067,0.27944618
0.17916766,0.46213505,0.43825346
0.068477504,0.018874798,0.030189935
0.15113701,0.9285792,0.896268
0.09761957,0.11532729,0.16389306
0.086045764,0.21859401,0.20781879
0.078875706,0.05139128,0.06319412
0.35323265,0.1335377,0.2609679
0.04125341,0.01029242,0.014060614
0.13601911,0.191513,0.20777628
0.46193743,0.41297498,0.55344105
0.0818214,0.060864,0.07439047
0.41143402,0.8633257,0.67950773
0.08152475,0.7340687,0.61179924
0.06745378,0.16076472,0.15084076
0.085223936,0.889113,0.8364619
0.09776565,0.3657426,0.35988864
0.102736585,0.5754411,0.78463507
0.12780458,0.07575897,0.09929307
0.11642446,0.24943794,0.26668015
0.06009463,0.18984629,0.1765188
0.10971181,0.9121049,0.86753327
0.08856774,0.055305436,0.07659789
0.067055,0.70936793,0.5095032
0.10565138,0.05850839,0.08396697
0.047941394,0.055010404,0.07024828
0.110402174,0.08398338,0.09995941
0.12730865,0.7728647,0.7056305
0.13609105,0.09268154,0.1024136
0.15914805,0.28671098,0.3098207
0.062495887,0.0379917,0.045545362
0.09602503,0.1335138,0.14756472
0.08303883,0.044682134,0.062488835
0.06952044,0.06394659,0.08361315
0.041578863,0.018158916,0.021967825
0.06788757,0.07793992,0.08231058
0.041651007,0.01548699,0.023290547
0.050529838,0.02496005,0.028667482
0.08881283,0.10190383,0.12075079
0.068218745,0.07598214,0.07695994
0.08925137,0.0712775,0.086274244
0.051020596,0.010918289,0.016142584
0.16807206,0.6463891,0.63174593
0.17331772,0.068892404,0.10737601
0.049756143,0.075952284,0.08240383
0.0519822,0.038673375,0.04345206
0.1103541,0.02894624,0.06627172
0.07070391,0.019717073,0.027072422
0.14553565,0.445217,0.44735214
0.08581423,0.16217239,0.17029978
0.1393176,0.12291163,0.17055357
0.11968218,0.8281631,0.7263937
0.88950765,0.4190705,0.9140256
0.13213174,0.29862007,0.28602955
0.15565866,0.05837487,0.11991877
0.9553056,0.7921544,0.9448335
0.034654606,0.22848669,0.19100682
0.11678343,0.21610038,0.2583047
0.151968,0.93539226,0.9086776
0.18525694,0.2789012,0.31554735
0.11749359,0.4552625,0.40657207
0.11273338,0.3649456,0.37370124
0.07475736,0.064636864,0.07985104
0.07476023,0.89913136,0.84742314
0.16667204,0.35934097,0.3238237
0.070795946,0.047558162,0.0645468
0.031677425,0.008265701,0.011946584
0.06564747,0.033855833,0.042921018
0.23984441,0.54310983,0.53481495
0.2166149,0.09536818,0.16057757
0.059744447,0.043859284,0.058243394
0.09363166,0.9162124,0.83764637
0.0468634,0.06734218,0.065129176
0.087052025,0.2142062,0.22357121
0.10469962,0.031144803,0.043912854
0.20023668,0.6025138,0.69672644
0.091089725,0.09112161,0.12198587
0.10225198,0.11581029,0.15460894
0.31141555,0.115635656,0.21722753
0.16472226,0.43604988,0.4936771
0.08348971,0.057776686,0.08514165
0.08236992,0.051619686,0.07420251
0.0724166,0.91904855,0.8706535
0.1552317,0.31111,0.40069243
0.07919944,0.059654046,0.08209489
0.068687595,0.026348429,0.034708936
0.074156314,0.1583523,0.16201252
0.27161723,0.2135935,0.33649176
0.05996611,0.033741668,0.04140011
0.079417594,0.038523898,0.05580143
0.14424384,0.09447713,0.13421597
0.1385837,0.13346119,0.20114517
0.22637475,0.48636147,0.5174508
0.14661434,0.2413141,0.34191528
0.15446861,0.29179248,0.3164156
0.6602606,0.15680939,0.42777094
0.10461792,0.38579223,0.6057918
0.20760372,0.6138956,0.5106724
0.1342481,0.20917673,0.28214607
0.026381435,0.26874644,0.25226644
0.03326218,0.019026693,0.02078653
0.08668783,0.027951794,0.037297916
0.14836104,0.89795554,0.7937891
0.18750088,0.57192546,0.49519295
0.2734475,0.86386985,0.7698769
0.13050336,0.8988937,0.83747375
0.103984155,0.31476924,0.3414913
0.10458772,0.08739883,0.13140586
0.1576281,0.05949393,0.086215355
0.048750807,0.020764923,0.028534554
0.042098302,0.0160433,0.02027386
0.9488752,0.4923715,0.96560097
0.31130314,0.28298804,0.30973896
0.96729684,0.44622624,0.96950936
0.07391412,0.13446158,0.16730289
0.084192276,0.07459261,0.082447305
0.24440382,0.45713657,0.4290254
0.15991955,0.93675435,0.89146227
0.08058907,0.029936166,0.041491847
0.18575792,0.06855453,0.09684867
0.1505736,0.2533605,0.28642532
0.16487864,0.85410243,0.7879156
0.09213277,0.8237888,0.76631385
0.035773557,0.2684011,0.2583922
0.061308652,0.7138411,0.5887069
0.1271833,0.8691979,0.69683146
0.06928474,0.039133236,0.063074976
0.074053325,0.040870056,0.06299751
0.1515881,0.21675147,0.24614067
0.07848866,0.029324718,0.04901887
0.19084625,0.037634954,0.07502558
0.116965935,0.062106937,0.09131524
0.07887441,0.27808625,0.19693388
0.06780387,0.065741025,0.09232869
0.09009919,0.021433365,0.030464623
0.16001819,0.24417418,0.27382973
0.09816717,0.100749835,0.12803297
0.13125306,0.089827225,0.12406185
0.10436212,0.08644757,0.11229205
0.15880635,0.045859203,0.06731871
0.14808801,0.5191357,0.44265184
0.1593637,0.08814952,0.122524165
0.1377129,0.028434776,0.04845552
0.102059126,0.23155,0.23495395
0.07507366,0.7902928,0.6862908
0.043632753,0.014175837,0.018271085
0.15509921,0.15343863,0.18380727
0.10594384,0.46513286,0.42554817
0.10269542,0.15293206,0.16524938
0.6097737,0.955012,0.95903486
0.11972056,0.9114115,0.8027851
0.10873608,0.95197386,0.9016315
0.09883384,0.9504572,0.8911817
0.26286823,0.21250643,0.25320134
0.10224258,0.31773484,0.33244058
0.10881083,0.17561677,0.18844864
0.17001076,0.35308096,0.8348794
0.09096473,0.097711906,0.10523951
0.10356295,0.14151448,0.17498738
0.16870327,0.33176953,0.31965026
0.14565912,0.3425272,0.29342046
0.117202125,0.19821131,0.22440906
0.07085305,0.25091565,0.21504146
0.0538449,0.09826947,0.095701195
0.40024084,0.1611826,0.30327776
0.0968317,0.27357498,0.26588386
0.08311896,0.5784661,0.51337916
0.12687854,0.7122152,0.6011597
0.14478458,0.23638602,0.25521368
0.035270408,0.01320438,0.018752422
0.03333003,0.01486117,0.016574904
0.043153476,0.016080407,0.019301694
0.06496058,0.027491093,0.033154424
0.066163614,0.057637233,0.070689246
0.6497586,0.26057172,0.37951025
0.07352005,0.14215448,0.16319963
0.05398386,0.029823544,0.03562853
0.08559375,0.14955828,0.14248526
0.038037986,0.057131305,0.06285674
0.43302962,0.12825574,0.25612065
0.045805387,0.042917755,0.04517787
0.07485852,0.03195135,0.04533937
0.11111203,0.23834047,0.25285238
0.12193144,0.04241544,0.06802044
0.12850632,0.79333526,0.7537363
0.14672075,0.13592611,0.20688684
0.12491226,0.12115568,0.14294057
0.36692962,0.54815286,0.49014184
0.7688546,0.46784705,0.7077891
0.24824595,0.9304074,0.9135735
0.18358126,0.9456575,0.91979474
0.059767373,0.31602374,0.20321292
0.07529543,0.15228081,0.14083277
0.09009155,0.0494594,0.06468135
0.29120237,0.22030658,0.26107916
0.064042434,0.04543056,0.050489716
0.16656838,0.11021064,0.12979253
0.05094589,0.024483474,0.03385082
0.12702766,0.051761206,0.07035303
0.16279776,0.09221927,0.12262819
0.104118735,0.035055146,0.06736392
0.116997235,0.0371322,0.06084531
0.087044485,0.055848874,0.071106225
0.08018785,0.094663724,0.09535807
0.14516301,0.29374805,0.34507012
0.053498372,0.04902355,0.067400165
0.07900881,0.03704816,0.05721589
0.059036043,0.038185716,0.045541577
0.077928424,0.112440534,0.16616859
0.065924674,0.033961035,0.04422862
0.17295103,0.2759365,0.3620899
0.10267233,0.27847272,0.24995287
0.12918416,0.13203293,0.2177804
0.2622299,0.08088531,0.14393166
0.10890756,0.18846463,0.19296126
0.15364127,0.06693591,0.09474034
0.16502611,0.0872942,0.10347225
0.054845784,0.030347962,0.034233145
0.045476384,0.0144140385,0.020776507
0.2543963,0.5819143,0.5814813
0.18453482,0.065555744,0.39668602
0.18477227,0.7154006,0.61595666
0.08989008,0.9427099,0.8825281
0.073002405,0.029417174,0.039484475
0.037256885,0.01425961,0.021588273
0.058648616,0.019767463,0.026813576
0.07209187,0.079259455,0.080259874
0.075475074,0.031508982,0.04087224
0.042187903,0.041461024,0.0512127
0.05313489,0.035879944,0.042481225
0.23310374,0.11066613,0.15454026
0.12672308,0.95135736,0.92363405
0.148002,0.5976143,0.54847604
0.17206718,0.16454384,0.22636163
0.19302747,0.2713216,0.2861887
0.0719027,0.8204206,0.696126
0.94156563,0.46104455,0.9575901
0.093893036,0.935221,0.8959859
0.17178604,0.94094896,0.91394573
0.08777241,0.63289547,0.5378029
0.09490638,0.29933122,0.2857367
0.1218811,0.49794674,0.49002177
0.09188779,0.06842296,0.084519535
0.23989713,0.0775659,0.10482376
0.2699861,0.10771572,0.14233048
0.15441456,0.34420332,0.31501082
0.10549996,0.29911956,0.31173185
0.21115017,0.24047217,0.25991714
0.26453695,0.104407616,0.14593165
0.1594062,0.11893763,0.16427349
0.16613886,0.35668102,0.3447876
0.0789674,0.09893865,0.12488563
0.2286924,0.2381332,0.27830347
0.2211331,0.53952765,0.44817904
0.24265005,0.8171537,0.81958103
0.49334183,0.1378701,0.24222276
0.20368922,0.14183554,0.19683768
0.29154852,0.2610159,0.3134968
0.23135677,0.18666539,0.24805826
0.117137864,0.106252335,0.14464027
0.1377186,0.7430311,0.7003099
0.18587872,0.9032765,0.8162125
0.056785416,0.018135956,0.025284227
0.057012755,0.48437,0.41866374
0.089013495,0.10734967,0.13664629
0.189578,0.16109718,0.2078132
0.18308465,0.2822386,0.29643676
0.24090365,0.8271765,0.77720296
0.21056487,0.07454503,0.09455087
0.13745986,0.909285,0.8645667
0.24025263,0.49219307,0.44003037
0.09338419,0.07384977,0.097795725
0.11461582,0.030304642,0.04570456
0.11664069,0.2674929,0.2640634
0.07752517,0.146762,0.15307456
0.14897577,0.09723782,0.13576634
0.26947123,0.76673377,0.7015148
0.13860625,0.19057229,0.22349553
0.120862365,0.11135319,0.13603725
0.097853675,0.89583254,0.83652073
0.11106586,0.18879825,0.2096191
0.14022246,0.699842,0.6053865
0.21339652,0.18632783,0.2314252
0.1521336,0.860553,0.8114834
0.237922,0.12377646,0.18757771
0.123575695,0.07534859,0.10680221
0.17819515,0.0989097,0.13156357
0.1565123,0.07589573,0.11139478
0.19626205,0.089235514,0.14443108
0.11920656,0.44986,0.4453761
0.09404607,0.37613446,0.3590129
0.77852017,0.6935746,0.90942293
0.06840071,0.31016243,0.2979313
0.1570009,0.18837005,0.19294737
0.06922546,0.06286642,0.076886006
0.163348,0.11276267,0.15835063
0.2636989,0.43477553,0.49046835
0.108551,0.0760186,0.10035459
0.09903613,0.92004925,0.83825874
0.18730308,0.73131466,0.57604367
0.07087372,0.24421817,0.21743594
0.22336619,0.73612994,0.6557332
0.1093641,0.5774296,0.53743935
0.1221643,0.13001034,0.1558885
0.12738608,0.19943859,0.27160996
0.09229868,0.36457297,0.35767135
0.08361781,0.35847372,0.36533615
0.14818001,0.23972651,0.64373916
0.08839445,0.19106784,0.22794278
0.05022754,0.02588833,0.032191243
0.21061681,0.36033198,0.39533538
0.1320874,0.06483557,0.08770418
0.15083681,0.081339546,0.11511576
0.04837222,0.10727804,0.09534365
0.07616693,0.073203884,0.0873496
0.024536014,0.12765096,0.0951649
0.05775821,0.023252197,0.040821746
0.038110796,0.27784616,0.2203953
0.028563257,0.031751,0.03734219
0.07588448,0.065475285,0.07396166
0.21262774,0.32219636,0.36417875
0.116227224,0.43301946,0.3972532
0.08243923,0.05234081,0.075181775
0.40765893,0.36893085,0.4207228
0.2607666,0.24387746,0.30582792
0.07378185,0.16005683,0.16062963
0.049295876,0.11648931,0.12003546
0.06655363,0.066935256,0.072097085
0.07921573,0.09280795,0.106556125
0.18914172,0.93774045,0.9018407
0.084163696,0.27303225,0.2928146
0.23812407,0.05941852,0.09791155
0.12882328,0.3831966,0.3443254
0.09914827,0.11866729,0.14824012
0.06784725,0.083534084,0.09938036
0.067578234,0.116095945,0.11873057
0.06367059,0.08257434,0.094995625
0.046616174,0.06971511,0.08379021
0.091163576,0.23342687,0.22625124
0.102986075,0.88917595,0.84309405
0.26704687,0.15166673,0.24821974
0.100824036,0.048058666,0.06685681
0.08642014,0.15310472,0.16485406
0.09352211,0.11459887,0.14432865
0.07426846,0.17403474,0.16333914
0.06592504,0.072990306,0.09141546
0.06946802,0.049651187,0.07075755
0.064000204,0.040902086,0.056360904
0.048101585,0.037046146,0.051730566
0.07462318,0.12880726,0.1362638
0.071406394,0.23212793,0.24145965
0.11273704,0.410313,0.36302415
0.079685956,0.4146914,0.39194247
0.09905147,0.1802994,0.17551091
0.10787564,0.6434214,0.50899595
0.112392075,0.82703584,0.77474326
0.156033,0.5761942,0.5598027
0.06373282,0.112480834,0.11713236
0.05778201,0.08267823,0.08877176
0.22440821,0.47243762,0.40845665
0.07773027,0.122547016,0.1408212
0.1006162,0.14776176,0.15368158
0.12902871,0.11677352,0.13249543
0.071781576,0.1092847,0.115779
0.22551699,0.45177203,0.40735382
0.08347904,0.060365472,0.07876244
0.0776236,0.8456716,0.76897824
0.0637957,0.1772555,0.1714669
0.2703117,0.16937238,0.2873613
0.101375096,0.7239254,0.66729724
0.098468326,0.322279,0.2889803
0.10738042,0.35791245,0.35039988
0.0818459,0.15516737,0.14839822
0.06277789,0.023743019,0.03144492
0.067147166,0.04025552,0.05867307
0.14673029,0.510243,0.49048272
0.1427692,0.19697191,0.22156477
0.09351433,0.19030817,0.18350433
0.07959324,0.052990627,0.068691336
0.13281986,0.18531512,0.23549323
0.075925045,0.20490985,0.2213996
0.11150191,0.043108705,0.05957813
0.1304966,0.081844635,0.10706791
0.13133089,0.13692832,0.16787693
0.04073445,0.02713953,0.02981512
0.09988337,0.08411528,0.09594991
0.14602016,0.070276126,0.09589486
0.15496033,0.08920573,0.12389483
0.14697245,0.09242415,0.17886478
0.16368872,0.2252089,0.35064283
0.17426723,0.10607604,0.21422186
0.15036306,0.060663015,0.11313053
0.1669701,0.07396453,0.10498847
0.13313687,0.096128024,0.12223568
0.12371755,0.2633938,0.26770896
0.14541852,0.04674251,0.07463675
0.056161195,0.05068047,0.065177605
0.12491445,0.1399811,0.19600284
0.08801422,0.12734604,0.17157263
0.10500449,0.1445106,0.18177941
0.12950164,0.16036737,0.19689712
0.11639766,0.21604441,0.26037985
0.1358432,0.41535193,0.41448653
0.12422341,0.051450722,0.07143044
0.076638974,0.11606577,0.12621476
0.17457499,0.88687044,0.84526813
0.13099463,0.16249892,0.17966425
0.05938171,0.058217958,0.06700727
0.061449774,0.15004443,0.13207515
0.06770657,0.05632429,0.07305771
0.07696058,0.124856815,0.13517109
0.049329463,0.07108365,0.07318914
0.06554469,0.05120569,0.06965973
0.061498687,0.093957275,0.11167341
0.0989742,0.07993553,0.09760356
0.08474331,0.08491836,0.10388591
0.07487782,0.13877589,0.15973611
0.04548031,0.12233059,0.12972996
0.09823339,0.063615024,0.08440827
0.061516527,0.0854396,0.10436488
0.093801655,0.10747209,0.13329437
0.09973801,0.105793685,0.11477427
0.046924084,0.242377,0.21184453
0.040017042,0.17546833,0.16077979
0.11887393,0.2924939,0.29397961
0.27929464,0.074843094,0.14096023
0.11589779,0.61904955,0.5251584
0.112089455,0.127411,0.1454966
0.06879124,0.043631766,0.0573865
0.043514624,0.076038234,0.07133939
0.050951224,0.0596084,0.061305378
0.06851897,0.04933684,0.056757484
0.060214277,0.04321966,0.047148865
0.09697266,0.039864555,0.052548897
0.073771514,0.04097042,0.049360897
0.08726034,0.031074362,0.041950777
0.11603305,0.27938685,0.28130963
0.08225413,0.2960264,0.2885924
0.030691735,0.1407754,0.13373607
0.13302839,0.1846625,0.17466862
0.1381932,0.0872019,0.11517022
0.15326123,0.6615193,0.49197888
0.032781597,0.64374906,0.5281046
0.13995723,0.9555303,0.92798567
0.06997325,0.13445665,0.15226951
0.09637997,0.27356187,0.28193468
0.11760309,0.23241079,0.2543254
0.04098113,0.46192616,0.39948133
0.1095236,0.04050075,0.102982
0.050753605,0.48317343,0.35013598
0.11961065,0.21018869,0.25019574
0.06383085,0.019700434,0.027322331
0.28282267,0.6576412,0.56716233
0.15752499,0.2345963,0.25725487
0.048850622,0.024443867,0.034748513
0.0521605,0.04104843,0.058546357
0.086044,0.06540232,0.07386766
0.062190957,0.09187183,0.08477081
0.12553939,0.09859787,0.11180165
0.16132073,0.080990724,0.11077668
0.16589274,0.07422295,0.11805359
0.09896842,0.20614497,0.2160415
0.07234764,0.17634891,0.20100434
0.09313573,0.05586075,0.07041794
0.05418057,0.071523845,0.070388705
0.07869151,0.037327092,0.050795574
0.046055425,0.06053657,0.06827078
0.70759565,0.53481716,0.7523426
0.11270769,0.4389217,0.4122303
0.16422363,0.31124192,0.333996
0.24499439,0.62082714,0.5307656
0.14228736,0.44927797,0.4767802
0.07451088,0.087907806,0.10125072
0.06718189,0.10776846,0.11241663
0.060298946,0.26455137,0.23737867
0.08716597,0.17957307,0.18804692
0.0568304,0.45205957,0.39256322
0.08994306,0.15160052,0.16616206
0.07001879,0.102053575,0.11997992
0.11200423,0.14617789,0.15358952
0.07610728,0.16620074,0.15666865
0.0560297,0.15927295,0.15624733
0.091615446,0.034965027,0.047491156
0.09480039,0.24634515,0.26176894
0.11650826,0.07286087,0.13168441
0.1413124,0.09174653,0.10586392
0.15085101,0.08504324,0.10158751
0.11295902,0.084715344,0.0985924
0.07993963,0.13576353,0.15396881
0.10676219,0.10707355,0.16690993
0.09768261,0.07282473,0.12768216
0.080156095,0.112806424,0.11844759
0.078730844,0.1275951,0.13787891
0.1430667,0.3950411,0.37793857
0.041586865,0.08119571,0.07551031
0.88328695,0.481241,0.8792691
0.96272874,0.4098782,0.96591294
0.9568492,0.34934595,0.9515091
0.90979546,0.6018467,0.94100267
0.9134681,0.5402764,0.91842705
0.9497059,0.375799,0.9520689
0.928187,0.8519987,0.93577236
0.8438091,0.8957133,0.96105874
0.96327424,0.56303763,0.9709655
0.9449003,0.62647235,0.95835894
0.9642308,0.50128126,0.9709971
0.92553586,0.45139852,0.9322166
0.93492544,0.5383814,0.9497246
0.9420548,0.35230324,0.9018547
0.15725979,0.89152575,0.84769
0.17792079,0.50242937,0.5460677
0.12094255,0.17386968,0.22893335
0.2233733,0.31359696,0.40593013
0.20000905,0.46030948,0.4469061
0.18086056,0.4957887,0.54210186
0.1902984,0.28582805,0.35586983
0.19032344,0.7825416,0.6759456
0.21029161,0.53051764,0.5405416
0.25169086,0.90255713,0.8315208
0.2991458,0.71187377,0.6729806
0.20026429,0.7209149,0.65989816
0.16531709,0.55876917,0.47383833
0.15306212,0.17826241,0.21473399
0.18197712,0.81885225,0.75823647
0.1516908,0.8860264,0.7618095
0.14065795,0.28067037,0.35203227
0.24652742,0.9241463,0.9133323
0.13639578,0.87984145,0.80051935
0.19148852,0.31481665,0.29084218
0.13594505,0.8174287,0.64401406
0.17276539,0.64893115,0.51486754
0.18244195,0.41091788,0.3737446
0.42686108,0.74439454,0.8120642
0.23259935,0.97497284,0.9372628
0.2439414,0.58402205,0.5813554
0.17042862,0.23574628,0.275476
0.13724798,0.89968723,0.82575375
0.18154038,0.6264605,0.57682174
0.25190574,0.4844435,0.39987004
0.31626478,0.70711523,0.6126384
0.08187879,0.91533124,0.873166
0.18530282,0.30135083,0.34273365
0.16478856,0.6710094,0.56483954
0.13681082,0.4120733,0.43636248
0.11160101,0.27348852,0.3115933
0.17076515,0.46070334,0.4658074
