AgonistClass,AntagonistClass,BindingClass
0.16552901,0.20259336,0.18825892
0.16103679,0.14594954,0.13848704
0.17599225,0.20408419,0.22031541
0.22723867,0.07122481,0.074223846
0.1252775,0.037308633,0.040408302
0.12935199,0.03785104,0.03463402
0.1650623,0.05188223,0.053615697
0.14447233,0.06387781,0.05525895
0.15893185,0.05861015,0.05245257
0.25940427,0.035333067,0.08246652
0.1824355,0.057492957,0.058453295
0.15318696,0.038721383,0.040133007
0.1910312,0.061190754,0.071737394
0.22906111,0.7820881,0.6115048
0.30098653,0.088963896,0.07970728
0.22308205,0.23454458,0.16750291
0.19577341,0.31566408,0.29371727
0.22841464,0.10276948,0.106083766
0.24654132,0.19581303,0.15410236
0.23064174,0.07811583,0.06339071
0.17079194,0.06721773,0.064316906
0.19590926,0.27481663,0.24768198
0.2265836,0.2824024,0.22997805
0.1862057,0.5546489,0.3357217
0.1962273,0.5301785,0.355431
0.22493024,0.25721133,0.21681555
0.17796339,0.29070413,0.1986426
0.2002584,0.13949443,0.099721976
0.18928826,0.10162159,0.085165836
0.42026547,0.2172738,0.21845397
0.08243856,0.111259826,0.09633803
0.914841,0.46701264,0.9304014
0.17672834,0.27778146,0.20325246
0.16257988,0.05358559,0.049778536
0.27536255,0.22458771,0.24169208
0.15254183,0.05760812,0.07051245
0.23932098,0.0645133,0.06740934
0.17320633,0.10513529,0.090073936
0.17249042,0.14280164,0.16222309
0.44933778,0.7241697,0.25260028
0.123584375,0.04826832,0.048445985
0.31995565,0.47035313,0.38712138
0.17925258,0.035313535,0.0403625
0.20015469,0.04337303,0.050834443
0.31241217,0.08036141,0.10644842
0.2914367,0.07459407,0.11320852
0.19852234,0.11357242,0.089266196
0.21588951,0.1588854,0.1355711
0.26244313,0.12853523,0.116068415
0.14405361,0.03319354,0.029599687
0.14903471,0.051344495,0.046165437
0.16009176,0.04853779,0.05746428
0.22167026,0.11879258,0.131929
0.077418745,0.105416685,0.080908865
0.41805524,0.53806466,0.17950773
0.3061498,0.418638,0.45266995
0.32142705,0.19485892,0.2998834
0.17643584,0.083680786,0.070526704
0.2883033,0.5781605,0.43989825
0.2977752,0.6944344,0.57102275
0.19611907,0.06462174,0.053499278
0.1736773,0.046917085,0.04158729
0.1644461,0.06898756,0.06486921
0.26202777,0.05240036,0.059822187
0.2438165,0.16080488,0.12565343
0.28594503,0.06285065,0.074028574
0.13543059,0.036498897,0.0373783
0.29852733,0.0922679,0.09505314
0.30147213,0.22846025,0.19732952
0.38088602,0.8707861,0.7631351
0.20631541,0.2339156,0.17339922
0.19630095,0.036873266,0.038727902
0.13484438,0.028022315,0.026974836
0.19218518,0.041699786,0.043467823
0.1516968,0.02679478,0.02717264
0.12659912,0.041469857,0.037523493
0.16798805,0.061182782,0.0687588
0.16786157,0.092768714,0.09439737
0.28714877,0.071032755,0.061251376
0.23799613,0.06038228,0.07322185
0.23628551,0.14409296,0.14609163
0.21905327,0.7533889,0.7097442
0.22897367,0.06377878,0.06061247
0.2400862,0.06513036,0.06309703
0.21427587,0.079585314,0.06716086
0.18601023,0.03390292,0.034966227
0.197939,0.03508134,0.039882064
0.121714726,0.048467107,0.041286282
0.17938516,0.07288999,0.07609386
0.13994849,0.04257624,0.039686404
0.13593297,0.06603844,0.06695027
0.13094535,0.051037688,0.049856845
0.1583232,0.083545,0.08266109
0.13565566,0.037781075,0.034677736
0.12700765,0.042297386,0.040506825
0.23710693,0.04860885,0.06345271
0.17775193,0.04352709,0.04705741
0.27865383,0.08890857,0.08956408
0.13029486,0.1402647,0.12954853
0.2269563,0.09330891,0.091791406
0.12353582,0.7946857,0.7196943
0.17051515,0.042785056,0.04112838
0.2659084,0.16640444,0.18600623
0.204154,0.17058998,0.14565465
0.09664637,0.03978065,0.03773644
0.1505015,0.09481629,0.09624633
0.09831359,0.028165346,0.028203836
0.1336381,0.06814816,0.06649755
0.0975026,0.033122007,0.033685997
0.09752333,0.036702618,0.032444615
0.15179004,0.02837739,0.02693623
0.2012732,0.08293819,0.06463973
0.21493335,0.07504911,0.06395059
0.20021035,0.059786417,0.06469726
0.29561454,0.07370042,0.09337122
0.12326014,0.026653385,0.025306916
0.10462404,0.025472498,0.024057582
0.10982893,0.023735624,0.023562854
0.106282085,0.021958929,0.02019867
0.17459482,0.6915082,0.31465757
0.22956228,0.06724698,0.079536155
0.24025117,0.9214266,0.86978805
0.28425556,0.087817155,0.09945544
0.11462558,0.026464626,0.02723621
0.12448379,0.025884425,0.023260253
0.11675828,0.020796107,0.018202037
0.15312824,0.036157332,0.040336866
0.11712582,0.027707564,0.02550385
0.1534176,0.050940704,0.04902806
0.14252132,0.040927563,0.038059108
0.1258966,0.039187647,0.03743933
0.15195754,0.05958498,0.0633477
0.15158656,0.030379742,0.032485716
0.12429814,0.03200935,0.02550266
0.16819313,0.06419231,0.059073787
0.13702467,0.0700314,0.063363835
0.115475655,0.025729492,0.034051616
0.17967784,0.03640398,0.035129778
0.09976078,0.027395021,0.026918037
0.12426639,0.034402072,0.030410912
0.13539807,0.03069837,0.03380697
0.13838503,0.049810156,0.05178459
0.122006774,0.040635858,0.039589424
0.130475,0.031048076,0.029520452
0.29153278,0.09360454,0.20608102
0.13152316,0.030319825,0.03151547
0.25337076,0.059544243,0.08048978
0.17488992,0.089144155,0.07620931
0.11340151,0.026169287,0.026207872
0.13618848,0.036348436,0.03504183
0.11041529,0.047849257,0.047961477
0.11245374,0.027143804,0.026775885
0.31182706,0.5916369,0.4460034
0.13585816,0.033966314,0.027312152
0.15467265,0.03569507,0.035111617
0.17097612,0.048413098,0.054970372
0.21782948,0.06484145,0.07414812
0.3338432,0.25685796,0.29936758
0.21852522,0.06531893,0.074542396
0.26172367,0.0614271,0.081927605
0.24488677,0.072231844,0.08732102
0.25291142,0.044476703,0.11020131
0.14828168,0.03255807,0.03508499
0.17476708,0.039284296,0.040904183
0.13305302,0.03538712,0.03275254
0.10003607,0.028549736,0.028203497
0.16343588,0.060422532,0.07469719
0.13237956,0.050004475,0.044740696
0.1105827,0.032877278,0.035970412
0.11345767,0.030028455,0.028534817
0.09982191,0.02656652,0.026335843
0.1335981,0.03279938,0.029340765
0.10070006,0.024138536,0.024434391
0.12645514,0.041916706,0.04185198
0.2848892,0.22029385,0.24288842
0.20049243,0.9392233,0.89571667
0.21916391,0.035516854,0.07688563
0.17750047,0.035175435,0.040428214
0.17696114,0.03145141,0.033462178
0.26189932,0.06453923,0.084941305
0.26972443,0.061192937,0.07728595
0.109445386,0.032738354,0.031424534
0.16545935,0.06216442,0.060734343
0.11243338,0.033492327,0.034835573
0.11184901,0.03772765,0.042221107
0.12771241,0.06415054,0.05232822
0.119964175,0.033443954,0.03569053
0.1079552,0.036345903,0.034779113
0.20780683,0.0447304,0.04707391
0.41541937,0.08963228,0.13538949
0.21131025,0.1581756,0.1543999
0.12744454,0.03892545,0.03718851
0.16771933,0.045798104,0.04764309
0.13299376,0.030667514,0.029566266
0.14475246,0.036002837,0.035945345
0.25990292,0.051546272,0.13746469
0.11335132,0.03532693,0.032135792
0.14565077,0.050613247,0.048413303
0.17158839,0.046477932,0.048307136
0.14899497,0.033495434,0.032001328
0.07399805,0.01906407,0.022363333
0.13224007,0.037513517,0.039391533
0.17862986,0.12540345,0.11553676
0.2147246,0.14270958,0.15495406
0.25870255,0.17303574,0.09046185
0.2589846,0.063840374,0.0849555
0.28156808,0.37921366,0.3342258
0.18635583,0.04240932,0.046978783
0.22131547,0.8786782,0.8419113
0.19643643,0.0459256,0.054443106
0.20929025,0.039348323,0.042811356
0.20516926,0.056047622,0.07123543
0.18645057,0.041826755,0.045046855
0.23325743,0.37911326,0.3343227
0.15836766,0.040197194,0.040913228
0.185734,0.053370148,0.058054406
0.16245694,0.06437931,0.063762315
0.1988663,0.06429982,0.07341226
0.18903598,0.05041288,0.051059686
0.19419004,0.05172582,0.054698464
0.32955778,0.062397003,0.082951605
0.1685871,0.06568206,0.06639402
0.18453327,0.042403672,0.044626646
0.20702328,0.057909124,0.06472152
0.1806193,0.077719435,0.0792469
0.18707612,0.098101005,0.095669694
0.2125391,0.06348977,0.074060194
0.48066655,0.10083379,0.47426084
0.19047172,0.08799946,0.092513435
0.20317069,0.10036901,0.10977027
0.42279747,0.09926109,0.15400511
0.22641169,0.11882434,0.15781298
0.22603707,0.14074466,0.18732476
0.13123642,0.04521076,0.04159492
0.24060893,0.0998224,0.095495045
0.14109243,0.046081536,0.046270788
0.2059395,0.2204953,0.17167266
0.18781276,0.957535,0.9245294
0.21316954,0.15867834,0.11286443
0.1916911,0.17570998,0.10942574
0.1431945,0.25621095,0.19484223
0.20814185,0.566986,0.43218878
0.41532856,0.48869216,0.37278062
0.24141213,0.3411816,0.36273512
0.19363898,0.17327455,0.13756861
0.21331646,0.2082387,0.21601862
0.42679945,0.096351154,0.14205748
0.23860413,0.13234928,0.13401507
0.23582175,0.6527452,0.61143667
0.24197938,0.057749122,0.05638193
0.2531409,0.9159301,0.84811944
0.53987616,0.40618598,0.26934484
0.4311545,0.6266649,0.20322044
0.21053825,0.96306354,0.92534655
0.12960808,0.9604399,0.9451587
0.15645002,0.053132612,0.057280503
0.2212312,0.23656067,0.172262
0.28086945,0.06453621,0.051778067
0.23761576,0.3088672,0.31408688
0.20534042,0.14079899,0.12939933
0.24778281,0.05761202,0.054224435
0.20304279,0.065721445,0.06673428
0.2319175,0.072333544,0.1318209
0.20180814,0.97019,0.9511173
0.2956433,0.24470304,0.35485247
0.09443011,0.12700137,0.13306272
0.22496277,0.26563698,0.20768993
0.31348974,0.37499365,0.33797705
0.2411594,0.40808365,0.29758
0.22582671,0.19416194,0.15097709
0.2906679,0.096034095,0.120306
0.25019032,0.08593354,0.09600622
0.2266348,0.6584107,0.5895529
0.22132316,0.41891554,0.3283417
0.22273977,0.10150335,0.0837514
0.23146108,0.24175677,0.15932515
0.30960134,0.117605045,0.1409136
0.19711807,0.12439939,0.12493846
0.25292793,0.13764222,0.14545004
0.4286555,0.21152228,0.27222088
0.26225257,0.166015,0.17460443
0.22261734,0.06690505,0.074880876
0.117406815,0.13298321,0.10190218
0.22465517,0.77141964,0.6421237
0.19277593,0.060722314,0.0612697
0.4205623,0.3833583,0.37954572
0.24810167,0.063926585,0.06495433
0.261179,0.09872979,0.11897652
0.19062519,0.053285737,0.06165706
0.21255575,0.9469539,0.91156435
0.28368846,0.12300107,0.12362271
0.19736995,0.2659336,0.19196743
0.20205368,0.07941541,0.062824585
0.21991116,0.09315405,0.12095368
0.2523549,0.51694316,0.2626723
0.29693213,0.32509124,0.25274527
0.19180524,0.85656774,0.85257673
0.16710953,0.1330883,0.118200734
0.23079787,0.901147,0.7992882
0.26406586,0.1696534,0.18536724
0.17632014,0.2505888,0.21600212
0.17921448,0.073067226,0.080238424
0.19723177,0.94194245,0.90428704
0.23871328,0.18126594,0.18770596
0.28810853,0.13704054,0.1149703
0.23813304,0.07946282,0.13184279
0.23106846,0.08103013,0.07632463
0.2703658,0.09385948,0.09112028
0.2571624,0.08804791,0.08659713
0.21670963,0.069866024,0.07052422
0.18399179,0.10330536,0.09040577
0.16222604,0.061058674,0.057001587
0.1603433,0.0790712,0.07655282
0.15016353,0.07589158,0.0794835
0.1634934,0.15654665,0.1522954
0.14184842,0.12378462,0.116735585
0.14733484,0.051279444,0.05208472
0.27575374,0.4918837,0.42656365
0.21882063,0.50727636,0.3387907
0.2301652,0.487116,0.25732732
0.2728926,0.44180733,0.35567123
0.2159747,0.09631154,0.081075095
0.17986783,0.18376522,0.168422
0.19205065,0.09820756,0.116804935
0.18589078,0.08810172,0.1105441
0.2877826,0.09845201,0.09538477
0.1614025,0.056198306,0.049910374
0.37708262,0.17777282,0.2302901
0.2504753,0.12090046,0.17667884
0.20172262,0.08354442,0.104079254
0.24897625,0.22013895,0.18248941
0.32218045,0.24348985,0.21024674
0.30252585,0.11363923,0.25302488
0.23273379,0.8951285,0.86254984
0.17806774,0.07300673,0.07548358
0.18804978,0.07396449,0.068419166
0.18183358,0.13787292,0.116712175
0.37773728,0.18465844,0.18217574
0.24517965,0.08083922,0.07625415
0.1289741,0.026196374,0.026611345
0.19829728,0.07089655,0.07045178
0.2896374,0.070634745,0.110754676
0.19945802,0.13288979,0.11768111
0.15192893,0.033791427,0.029924458
0.23538755,0.10804568,0.122697555
0.17557493,0.05105784,0.049441736
0.26271576,0.25098327,0.21802478
0.16741595,0.54869056,0.43529814
0.19687939,0.27139345,0.24904388
0.17179282,0.05445675,0.060711168
0.282928,0.24605906,0.17639819
0.18037507,0.04877437,0.048847187
0.17344084,0.076428935,0.07647935
0.17891417,0.04784955,0.048448123
0.26316863,0.07922309,0.067506365
0.23495843,0.048875265,0.05308314
0.16553205,0.08132362,0.08166731
0.18151306,0.07441608,0.09145765
0.1960556,0.052585565,0.042884078
0.15584235,0.032303583,0.029597878
0.10893592,0.022233196,0.020241378
0.18828803,0.034409866,0.036865734
0.15164001,0.043721754,0.047845606
0.14543809,0.022355702,0.022351366
0.1440829,0.040628225,0.036233537
0.2793847,0.07239489,0.09601741
0.31820554,0.24337831,0.20093583
0.25371456,0.16396245,0.16568731
0.17839006,0.09602631,0.09631035
0.18121158,0.05078261,0.052156672
0.18340072,0.039670542,0.0459579
0.12140776,0.042340714,0.040736645
0.17703804,0.050553925,0.055704493
0.12430004,0.041647352,0.03632073
0.18532372,0.05802243,0.06381296
0.20630263,0.17921855,0.16223298
0.0639726,0.015936948,0.014329498
0.10067683,0.025359217,0.024793161
0.5110935,0.1419415,0.20849794
0.9496554,0.23501109,0.94669944
0.29768312,0.26259,0.25768116
0.18605934,0.25874382,0.18542649
0.35335445,0.390371,0.3240108
0.19552483,0.62797165,0.3301432
0.33822453,0.27805036,0.2887432
0.3090675,0.9524182,0.93357176
0.37389475,0.9597608,0.9385755
0.18325248,0.0567811,0.056326486
0.33088085,0.85698247,0.8235225
0.20354873,0.1470703,0.13350461
0.16265777,0.06781315,0.07416811
0.2799588,0.05843911,0.08991447
0.13189083,0.037093654,0.035852343
0.17839319,0.8963408,0.8303888
0.20224391,0.081474155,0.09032103
0.2889871,0.18877286,0.21157365
0.18544707,0.044869784,0.055557728
0.12045103,0.047534455,0.045187417
0.15496951,0.22392485,0.23540711
0.2948642,0.9368785,0.92188966
0.10606406,0.031930037,0.034432743
0.11438253,0.027817503,0.02901977
0.809743,0.39270076,0.4212501
0.34139344,0.061314855,0.1793743
0.5245147,0.10945205,0.14449432
0.5046231,0.2534642,0.17391273
0.5264723,0.1318724,0.18619497
0.15087618,0.6565038,0.4353461
0.11662514,0.046303026,0.042164393
0.20472807,0.16583171,0.12169373
0.21399397,0.1168524,0.089855395
0.24802107,0.39708695,0.30394825
0.2514005,0.4531462,0.36545664
0.21920516,0.5461484,0.48566568
0.20276158,0.63489044,0.5447904
0.45839667,0.25856596,0.20715952
0.31863114,0.8271905,0.7653015
0.43574125,0.9702895,0.963887
0.16059673,0.18202794,0.16241266
0.1703434,0.10558278,0.10997568
0.19995384,0.12295742,0.08910711
0.20489648,0.059726045,0.058004726
0.2759098,0.09585,0.08839111
0.2642576,0.07400552,0.08225835
0.2460249,0.91143686,0.89763457
0.25210065,0.8893165,0.8562126
0.24173927,0.69147694,0.59950453
0.2737486,0.06439089,0.07476644
0.26949129,0.352713,0.3271045
0.36619502,0.14429839,0.12594974
0.1905499,0.4555193,0.29529676
0.21133555,0.090090126,0.05894707
0.21603602,0.11927038,0.100643225
0.40722123,0.95087564,0.93910676
0.22745459,0.2930765,0.2604787
0.2041149,0.4282746,0.37050217
0.16704772,0.1362561,0.13074854
0.1924958,0.040661436,0.03904585
0.12671521,0.19113281,0.18027885
0.2710154,0.8983191,0.88143516
0.21540736,0.5501636,0.5045241
0.17932956,0.105426155,0.10423371
0.2053703,0.91882807,0.90923536
0.49167565,0.17434292,0.21160597
0.23038472,0.84062815,0.6208405
0.28635612,0.08635135,0.10935828
0.1483587,0.042334743,0.044869084
0.2013707,0.09713526,0.09740215
0.20953776,0.2427044,0.22703668
0.18445215,0.3686296,0.36491722
0.14676878,0.06599669,0.06557455
0.15892868,0.6634585,0.3138459
0.2151272,0.7659887,0.7249833
0.2857013,0.2615218,0.2682813
0.26482132,0.07347089,0.07560075
0.22534354,0.047842707,0.050205484
0.2602842,0.7370405,0.648115
0.19416481,0.38991073,0.22486812
0.2184832,0.2700549,0.2703675
0.22723591,0.7489953,0.7357547
0.2127124,0.7348623,0.48141167
0.24715056,0.12278054,0.13091344
0.22480506,0.12397533,0.13168974
0.1683654,0.48409688,0.31919545
0.11678447,0.045363877,0.04419519
0.41036934,0.14312838,0.19121782
0.16210826,0.034032453,0.035009228
0.2621832,0.051455576,0.04487971
0.21961409,0.15682203,0.14592052
0.2436013,0.19303381,0.22824073
0.2520835,0.13718854,0.15437558
0.1723016,0.048781168,0.07926228
0.19271722,0.07759023,0.06834564
0.1372894,0.05204712,0.060460676
0.30460384,0.09600752,0.12504941
0.2211691,0.22517647,0.1776304
0.19400117,0.5176624,0.38096756
0.2067855,0.88076586,0.8154865
0.22107501,0.23475063,0.22829573
0.18649644,0.057172213,0.05956206
0.17658621,0.041916676,0.042451594
0.16075756,0.043433264,0.047143154
0.15372892,0.078780405,0.08089373
0.20559834,0.16662122,0.1925727
0.28670043,0.75298953,0.6902723
0.20355837,0.070672005,0.05681671
0.12433507,0.036669455,0.048134606
0.08877431,0.030300334,0.9760081
0.27317527,0.06456761,0.06962789
0.40358996,0.123228766,0.16363823
0.15071538,0.03288223,0.032348882
0.09607745,0.03237568,0.033788737
0.24336402,0.0645011,0.06795265
0.16823855,0.034681216,0.02997895
0.24129727,0.25181383,0.20652498
0.24698423,0.22180083,0.18975794
0.12112977,0.037129715,0.036943212
0.32712775,0.12081346,0.15506086
0.33602282,0.09152576,0.12527822
0.20939907,0.05849515,0.06853203
0.13204257,0.028154124,0.030874735
0.22872835,0.07177296,0.08611807
0.22777873,0.45797566,0.28024706
0.19718808,0.26788455,0.26369324
0.21641073,0.054984894,0.07009556
0.15674913,0.05853307,0.057495266
0.22083224,0.062121417,0.06920215
0.42896926,0.94021934,0.91325355
0.20134075,0.84768677,0.8120423
0.27091002,0.19460644,0.1346123
0.8898269,0.6235248,0.8603013
0.80513066,0.36971718,0.47266015
0.17211719,0.062132433,0.057274636
0.16748753,0.077020474,0.09254684
0.17790274,0.033082433,0.033439554
0.20048705,0.08926296,0.09312882
0.39304838,0.37978578,0.40637305
0.18222995,0.31400612,0.22759166
0.19096205,0.86223096,0.7380501
0.2638105,0.08455525,0.08060692
0.14374894,0.6401784,0.5443965
0.2519076,0.3987633,0.2799881
0.23290673,0.069369815,0.08644663
0.24943818,0.060978554,0.07956472
0.15564221,0.07543879,0.075436115
0.22467037,0.9374691,0.8808521
0.22059295,0.24370821,0.2415293
0.26544198,0.22054414,0.19214514
0.29945573,0.2417098,0.18608089
0.37504467,0.42443788,0.24204727
0.20521764,0.25169468,0.23487201
0.17702967,0.04037541,0.04520502
0.28840753,0.05989897,0.074991755
0.5127317,0.11478561,0.13015988
0.19688575,0.8412259,0.5447306
0.18695782,0.3774706,0.26223284
0.26785305,0.2760459,0.21740791
0.58418286,0.21925342,0.30448604
0.16657701,0.056636665,0.06636938
0.18349713,0.13943598,0.13115625
0.16420683,0.05089379,0.057291992
0.18438505,0.055652935,0.04872533
0.1573316,0.04588988,0.051664464
0.25407827,0.06751728,0.05691012
0.22339638,0.07870245,0.101841286
0.2501996,0.46580264,0.27170172
0.2152243,0.051866457,0.061516512
0.2798841,0.7064754,0.63940316
0.22433473,0.33050588,0.31249225
0.22403483,0.2710173,0.2216373
0.24117853,0.45410627,0.21151473
0.31171724,0.2383266,0.21019024
0.19660781,0.082781464,0.08495574
0.23245162,0.39765918,0.36206046
0.185053,0.19158639,0.13751751
0.23880549,0.0764909,0.0908354
0.19481595,0.048218925,0.05516001
0.14235885,0.3258871,0.2270599
0.2144279,0.6523694,0.6185468
0.16937658,0.052154887,0.049587745
0.11875045,0.08002305,0.07583585
0.2728221,0.8845548,0.82689685
0.22368218,0.23377554,0.15884322
0.24823314,0.20979421,0.17100182
0.27970496,0.22689717,0.20129173
0.1167677,0.023826737,0.022484327
0.11667184,0.025221292,0.02386005
0.1340905,0.09159013,0.088311724
0.22875118,0.07492781,0.12021158
0.34190243,0.640625,0.41024935
0.26294944,0.62323004,0.5241685
0.24255767,0.11228479,0.10469942
0.19910681,0.046522446,0.054165896
0.2719763,0.8630256,0.8015834
0.19033687,0.15327965,0.15765579
0.2354981,0.07876272,0.07179389
0.23177195,0.21464486,0.15167433
0.25885537,0.46183264,0.3116571
0.25795874,0.08454522,0.06587125
0.27228102,0.34285554,0.22253703
0.22806251,0.21185002,0.17601043
0.47691166,0.13117465,0.16339582
0.35251293,0.11915623,0.16186
0.30262417,0.29296556,0.20752679
0.21108732,0.24867523,0.20205832
0.20108771,0.66497195,0.43569762
0.13191804,0.050978564,0.044347044
0.237602,0.07159964,0.073744446
0.25172603,0.07719044,0.08090854
0.27138653,0.12547797,0.14949818
0.30308643,0.086027265,0.11752331
0.13306227,0.05602887,0.061176803
0.29364127,0.11575777,0.10741059
0.24627216,0.78299105,0.5544163
0.16503148,0.060285386,0.06100213
0.19862357,0.43943998,0.40182403
0.22019656,0.3751042,0.21548714
0.255419,0.25107065,0.22643092
0.15731068,0.0526384,0.058519576
0.26209834,0.48921987,0.4278484
0.20080934,0.07580989,0.065437526
0.12461448,0.4181076,0.27112666
0.12777051,0.93971884,0.9110705
0.26170492,0.7847207,0.41614604
0.2387148,0.53422517,0.40987575
0.2226477,0.03763507,0.08427445
0.1863329,0.2584906,0.18435708
0.2578514,0.1710269,0.18768477
0.11212181,0.058341514,0.0616222
0.18679844,0.07559079,0.069686994
0.25715297,0.19556026,0.2734889
0.33680937,0.44349742,0.45671058
0.24260877,0.23360714,0.19798444
0.25621235,0.12281825,0.11265497
0.43228883,0.19459115,0.2267796
0.27385175,0.27398986,0.19379666
0.1806291,0.93325496,0.894516
0.28443298,0.55587023,0.41843268
0.23676781,0.10713474,0.11122598
0.18401386,0.08002204,0.1068162
0.14014849,0.35217094,0.3293074
0.3585942,0.10947924,0.09380609
0.15504074,0.17853901,0.09847473
0.2123126,0.87290305,0.83401626
0.24892928,0.57290757,0.45129377
0.22505002,0.21899895,0.17136993
0.23856783,0.26478755,0.15979853
0.25950125,0.5965963,0.50466824
0.18922664,0.4759603,0.28885534
0.19947265,0.064638466,0.058256753
0.18219754,0.31904063,0.20892611
0.19734049,0.14909907,0.15619506
0.19924927,0.6030084,0.41482714
0.25787783,0.6930336,0.64957327
0.2380606,0.63208723,0.53814054
0.27880815,0.1531733,0.16404594
0.24559046,0.31568384,0.2642645
0.23999894,0.1596941,0.15770897
0.20595025,0.069365665,0.06598451
0.19247039,0.11996268,0.105200216
0.18511656,0.091460645,0.093223445
0.2178806,0.30719572,0.2502329
0.25890797,0.186477,0.18258695
0.1809911,0.12114216,0.09927505
0.15620044,0.07331703,0.060525656
0.16967812,0.038850542,0.046225064
0.1656419,0.11863605,0.11992267
0.29305077,0.19245023,0.15812103
0.21908073,0.1344406,0.104873456
0.24399504,0.48777813,0.2537616
0.07830859,0.7698558,0.6045265
0.18237555,0.55539006,0.4776623
0.26829293,0.9745929,0.94886905
0.4747667,0.15530758,0.17346022
0.27384466,0.50932926,0.3774399
0.15462726,0.047576636,0.057360597
0.36746573,0.54928905,0.37861806
0.32640067,0.09896383,0.09208406
0.20139155,0.13295642,0.10419618
0.13140054,0.5038078,0.46809494
0.17700547,0.11552242,0.10495738
0.14547491,0.04401425,0.043674465
0.18898977,0.050557032,0.05414416
0.24564707,0.8069785,0.7277109
0.19468682,0.94623715,0.721724
0.2592869,0.24794921,0.23929268
0.18186761,0.05886724,0.06374036
0.29544106,0.74907386,0.70621854
0.38849473,0.1741205,0.20766777
0.18175887,0.03363361,0.045050137
0.22978967,0.65099436,0.6190854
0.39825085,0.4474297,0.27107242
0.19674274,0.13092734,0.10470826
0.26356357,0.055883747,0.05516452
0.21799581,0.21183589,0.17525566
0.76612544,0.3028633,0.50320196
0.22780626,0.7729209,0.71773165
0.2377279,0.15918808,0.11524194
0.26577017,0.28024197,0.24677753
0.26160562,0.19617257,0.1676184
0.25350702,0.15952648,0.16275291
0.25565097,0.16158631,0.12878588
0.40752226,0.34400457,0.28636485
0.22868833,0.08925584,0.08282862
0.25592622,0.1270929,0.14218117
0.28808644,0.14498593,0.15269198
0.16750701,0.09089265,0.06827522
0.17802285,0.19191673,0.16131005
0.27558875,0.5360646,0.4377137
0.2331897,0.3927469,0.39890012
0.25739345,0.0826928,0.08871553
0.24524511,0.15283719,0.14250341
0.15977462,0.16355062,0.1438701
0.13413936,0.18529104,0.18081501
0.20811181,0.2888593,0.24495032
0.2688666,0.093739524,0.13823348
0.22309054,0.13060339,0.094220646
0.17428324,0.1430821,0.12478857
0.121355616,0.8988773,0.83911675
0.12906452,0.92122686,0.8596169
0.3031544,0.2799998,0.25689098
0.25536346,0.7518372,0.49727112
0.4743536,0.8294717,0.95322883
0.10843492,0.04827086,0.046986233
0.187373,0.18010797,0.16121434
0.2910911,0.17004739,0.17814201
0.30356577,0.10032598,0.13383639
0.24499565,0.07874754,0.07690377
0.20497988,0.47531036,0.2896422
0.6127923,0.75486445,0.75248915
0.5033775,0.15417062,0.12904523
0.21050508,0.099655084,0.098390006
0.2022482,0.5701291,0.33071217
0.2757383,0.09938309,0.094730414
0.33852005,0.46146476,0.42056197
0.17661059,0.064587675,0.070316
0.25513667,0.8236574,0.7044749
0.27066058,0.9044525,0.87660396
0.39044663,0.07994409,0.2707605
0.25507483,0.11369189,0.108039685
0.11198395,0.97278374,0.96581715
0.22156906,0.14523749,0.13694786
0.24067247,0.1461606,0.12795095
0.19563946,0.9188453,0.643837
0.24808097,0.12598276,0.15117829
0.30668047,0.7091862,0.40873146
0.44534776,0.16248703,0.20396703
0.2031694,0.9540967,0.8587493
0.9155844,0.19414634,0.9540005
0.23748386,0.3288411,0.3139334
0.16655588,0.054066937,0.04351933
0.205076,0.13498269,0.10196257
0.20958291,0.21834475,0.1682523
0.18879573,0.09045101,0.08645561
0.14775428,0.97246414,0.9550811
0.2844316,0.95198566,0.9329447
0.25276867,0.13422962,0.15178584
0.17414927,0.037609946,0.03365133
0.13801391,0.10197311,0.07926962
0.21853843,0.073108815,0.105715744
0.3240155,0.15296713,0.15776132
0.27733278,0.35679165,0.31748644
0.23720552,0.04351931,0.045752406
0.2695431,0.18337359,0.1714841
0.164628,0.07457924,0.06595159
0.24927549,0.48493275,0.40159392
0.22125115,0.8530456,0.7621634
0.20831756,0.89416766,0.8524975
0.47935745,0.13627556,0.20972392
0.2209699,0.23531201,0.26437953
0.30621165,0.2753142,0.2190837
0.19543286,0.09397936,0.10309616
0.25146154,0.11106075,0.115535505
0.18661378,0.33809283,0.2589502
0.24731983,0.22983854,0.17560548
0.25396067,0.17051254,0.15373129
0.20744488,0.07576676,0.07676776
0.35449064,0.22633053,0.23064514
0.25678042,0.20392638,0.1675601
0.13409398,0.10253232,0.11806217
0.39191967,0.37732813,0.23341884
0.27607983,0.35676315,0.35199773
0.22421058,0.4831608,0.40266588
0.08455941,0.07435123,0.08525037
0.14614132,0.16005974,0.15643945
0.10243783,0.42370662,0.3334938
0.31252986,0.24188258,0.19220297
0.24694043,0.71278954,0.5610806
0.19874972,0.10787203,0.09201304
0.18855253,0.40373787,0.41121757
0.23483513,0.18323542,0.14984924
0.14440508,0.822431,0.68095326
0.2073807,0.58106124,0.4848067
0.2761665,0.39647287,0.33836412
0.17289682,0.15142451,0.10734003
0.149496,0.07443439,0.07466177
0.23669873,0.40983397,0.35076317
0.2472933,0.624377,0.5148524
0.32246673,0.13964741,0.11969411
0.14946419,0.04913814,0.043279298
0.22406167,0.52070284,0.3990586
0.18989788,0.10568723,0.10412674
0.26354298,0.08988818,0.0815345
0.2538967,0.42882633,0.3968269
0.213535,0.32824668,0.24517289
0.66283983,0.1801738,0.27621764
0.24576914,0.07840722,0.088122465
0.24289404,0.9616323,0.93855214
0.15416332,0.059311684,0.06813726
0.15887097,0.10445469,0.13008192
0.27670342,0.9583456,0.94641423
0.11319114,0.026498081,0.02562982
0.2411033,0.13444665,0.10837128
0.20805818,0.39722905,0.29189742
0.17246766,0.09034767,0.090958744
0.46460837,0.27609468,0.18006858
0.117718324,0.1822748,0.13969068
0.12680458,0.03202244,0.032275572
0.11373672,0.030860106,0.03210205
0.12293594,0.6158408,0.26818457
0.15966162,0.84485394,0.7582261
0.26512027,0.2824822,0.26835087
0.20013647,0.7383767,0.6690786
0.23003145,0.12429615,0.12324299
0.2265774,0.9653517,0.9297129
0.25188214,0.05992511,0.08078336
0.9445829,0.8987765,0.93572134
0.22661097,0.21350983,0.15149663
0.24558727,0.1322389,0.123377964
0.21223217,0.2296181,0.18299963
0.13863017,0.030621098,0.029803067
0.23889215,0.08525573,0.112665065
0.29075962,0.12666065,0.1466884
0.18049991,0.96759117,0.9239983
0.22192235,0.8686853,0.8391342
0.21524884,0.12609313,0.10889872
0.24112625,0.17790352,0.16116492
0.17772946,0.23477273,0.20527494
0.24831626,0.3312353,0.30938357
0.3127647,0.11852447,0.13930713
0.21375777,0.111506104,0.09272889
0.26061124,0.40990305,0.2436364
0.55363595,0.22935669,0.19546777
0.30061686,0.077255405,0.08052187
0.22652589,0.084522694,0.10864187
0.12674846,0.08071988,0.06486289
0.30103245,0.23270512,0.22782382
0.29111654,0.18708219,0.18067627
0.15751623,0.059045453,0.06265772
0.24739832,0.06616061,0.07811249
0.35426906,0.65200126,0.15129907
0.22618128,0.5585386,0.5348378
0.3172922,0.094021775,0.08994306
0.22847997,0.6983394,0.4573558
0.2497007,0.12579584,0.13698675
0.37963933,0.745326,0.62349653
0.22689117,0.2172333,0.24612729
0.26637134,0.76439655,0.52931666
0.78429693,0.19907148,0.39131585
0.13468406,0.22920333,0.21228991
0.12646262,0.049768306,0.04401312
0.25837964,0.31541687,0.3034938
0.2679151,0.9207942,0.8786724
0.1823779,0.18895827,0.1779769
0.20414573,0.6327019,0.60980684
0.21256153,0.8369068,0.8341512
0.2454535,0.5156633,0.25660372
0.19832589,0.6097661,0.5189135
0.2516261,0.1065734,0.13049066
0.21436591,0.14305341,0.10681187
0.2429067,0.20346129,0.14860107
0.24646941,0.13962866,0.11678179
0.20388138,0.07525144,0.0988353
0.20049612,0.050676145,0.061200418
0.2261905,0.04697517,0.06542792
0.20067689,0.039819364,0.052989464
0.2575708,0.43067804,0.29065534
0.22637255,0.93361425,0.91259414
0.2537527,0.536436,0.33433047
0.21033303,0.5891971,0.4057485
0.18556829,0.04697845,0.047353834
0.3095584,0.12194736,0.115847945
0.21537074,0.0842253,0.073475696
0.2755818,0.8628627,0.7863774
0.09219742,0.19029559,0.16258241
0.17642021,0.04292013,0.038784437
0.25162554,0.29020426,0.30191058
0.3115964,0.40698105,0.3398438
0.18483715,0.14844264,0.10466072
0.13942884,0.066767,0.064894974
0.31077784,0.5331074,0.4081441
0.20644008,0.10805237,0.11027462
0.16290879,0.95082384,0.93703824
0.18808083,0.18772477,0.11057367
0.20515049,0.74804795,0.71766657
0.24673434,0.97909397,0.96371675
0.1862642,0.290836,0.13239148
0.21120332,0.13440482,0.1347793
0.2192529,0.14482394,0.15953271
0.16545874,0.20581973,0.21655938
0.19131792,0.042725533,0.042340387
0.28092736,0.86063665,0.68164855
0.29517305,0.8734118,0.78975666
0.11483512,0.04817527,0.05374001
0.22771968,0.1063164,0.10983233
0.24412663,0.059498508,0.08344453
0.216616,0.043559596,0.058176413
0.20319374,0.18820658,0.16225389
0.15371838,0.06336422,0.06151036
0.120370574,0.932516,0.90246576
0.18586156,0.098342784,0.084575064
0.20864528,0.08773467,0.08977936
0.20480488,0.076708145,0.08268542
0.37283093,0.0642923,0.26801687
0.11396531,0.050287895,0.050977606
0.31796643,0.22252406,0.15970324
0.24556832,0.117647454,0.111567944
0.19954973,0.24616326,0.14257425
0.24067098,0.4026141,0.26624465
0.24522467,0.059738282,0.07516644
0.19722001,0.31071922,0.25393233
0.3194868,0.21148832,0.2082148
0.18574585,0.08328702,0.06748584
0.23671557,0.55366194,0.36387086
0.21306159,0.17701021,0.12927896
0.1949268,0.37460786,0.2803702
0.1679507,0.10408253,0.108967155
0.2096826,0.09961954,0.08355652
0.099196136,0.035148066,0.040255588
0.26737782,0.22328636,0.19255105
0.9076614,0.9530377,0.9580549
0.16506553,0.4804035,0.3462043
0.28330588,0.19368856,0.21097502
0.25950563,0.3401588,0.34321058
0.24968408,0.44143045,0.29927078
0.2060855,0.08260585,0.07651287
0.17564812,0.05038091,0.05624041
0.31215128,0.080683336,0.11449836
0.2327315,0.0473927,0.052340142
0.15367302,0.03140599,0.036117353
0.11267102,0.9576898,0.92695886
0.6884924,0.80863786,0.7523762
0.154033,0.06575021,0.07075946
0.21563064,0.526428,0.4118212
0.30014634,0.23200132,0.20819068
0.18418176,0.14834154,0.12255329
0.18758096,0.06595868,0.05639971
0.24852213,0.09264821,0.0858998
0.1668084,0.13572948,0.13332407
0.18751208,0.11239981,0.11156481
0.21700509,0.9062318,0.87502366
0.15657775,0.094006665,0.08823213
0.19819584,0.8687044,0.84079283
0.30474082,0.17484592,0.137756
0.10100925,0.034434795,0.040090203
0.23492043,0.31869414,0.24322572
0.4689432,0.10801634,0.16691467
0.20493001,0.26065072,0.26556394
0.50576365,0.19500127,0.31995058
0.29133198,0.059330516,0.05242551
0.22441229,0.085105464,0.09769553
0.2522707,0.22285827,0.17882091
0.26057002,0.30059627,0.26979536
0.7046285,0.9685649,0.96221656
0.25335795,0.20232964,0.18549643
0.105807245,0.19710906,0.13619192
0.28990877,0.32629457,0.2682933
0.18730119,0.04937259,0.04626672
0.22506069,0.81036764,0.77378404
0.32607964,0.19614774,0.22184892
0.31661233,0.31628117,0.2888712
0.23619284,0.104447104,0.09583265
0.19078791,0.09131575,0.069923915
0.17806607,0.06543729,0.051211324
0.27549347,0.21722065,0.17980334
0.22222354,0.14166217,0.11692984
0.2662396,0.081058614,0.094767645
0.20837265,0.6622335,0.35614535
0.17395717,0.091830805,0.13382947
0.15319736,0.05411102,0.05028004
0.16854517,0.088030696,0.07606794
0.18279825,0.06492546,0.09086189
0.7232463,0.8853521,0.8285779
0.11698956,0.035782058,0.037708417
0.9502336,0.21269281,0.9295058
0.6593389,0.9676779,0.96638083
0.6689754,0.96759415,0.96608645
0.18508013,0.9470906,0.8631655
0.31438634,0.14618227,0.21044947
0.20938623,0.94227535,0.88410187
0.21810254,0.9205954,0.89070696
0.16014689,0.58577657,0.6210085
0.22645625,0.052279636,0.062356118
0.3252318,0.92525417,0.89413214
0.2167794,0.2552982,0.19246072
0.20581864,0.896084,0.84575754
0.16822854,0.23190278,0.21898757
0.18941687,0.26175392,0.22121957
0.29089108,0.28540972,0.23065679
0.27320522,0.15566228,0.18980409
0.20655984,0.07488353,0.10130776
0.15932797,0.2357505,0.11830333
0.15684076,0.16769339,0.1850925
0.21973059,0.29944164,0.29082707
0.23377669,0.07216859,0.071922146
0.13236368,0.028328089,0.030021505
0.20608093,0.8090835,0.73394626
0.37711892,0.24656457,0.7180036
0.1223712,0.026790567,0.029695341
0.13745134,0.04164743,0.037227154
0.27060783,0.65566635,0.57842773
0.24710543,0.15329745,0.14856601
0.25490546,0.36382696,0.29467103
0.21667524,0.912305,0.80229706
0.20157243,0.048476063,0.09705462
0.24597345,0.11971388,0.09778024
0.33802614,0.1178246,0.3606612
0.19492406,0.3659211,0.24421215
0.24622826,0.33688945,0.24909346
0.20034963,0.14629292,0.14838915
0.9359716,0.73182005,0.9404519
0.15703264,0.1070496,0.10523014
0.18644442,0.0978345,0.08641073
0.2751692,0.58657366,0.4657176
0.3229193,0.34454823,0.3251947
0.33544117,0.5921582,0.5535449
0.2818364,0.054368883,0.058911506
0.9015745,0.49212682,0.947644
0.20119075,0.23779075,0.18241888
0.38638696,0.4198812,0.31246394
0.2975425,0.28172514,0.17839555
0.32278225,0.22594438,0.23620561
0.22279269,0.16407938,0.16101976
0.2849633,0.20185962,0.15421405
0.16539097,0.07152125,0.073537044
0.32837614,0.3033373,0.20103934
0.17104103,0.088688634,0.081530645
0.21116959,0.3236513,0.28440934
0.18900603,0.13958511,0.1308736
0.19919086,0.9348082,0.93560934
0.28095782,0.27405623,0.16519186
0.9517261,0.3091256,0.95737183
0.7253134,0.9725725,0.9734143
0.1961488,0.9438593,0.9125977
0.89776754,0.8127828,0.923045
0.2568489,0.7020698,0.6293502
0.20331345,0.31232825,0.28296185
0.24624032,0.10763016,0.09705964
0.24437626,0.91357356,0.9019322
0.19547167,0.13726154,0.14060445
0.17229109,0.07905862,0.06537285
0.14175828,0.03925359,0.03858502
0.22394359,0.1805034,0.16871022
0.1486342,0.0908493,0.068618216
0.28289843,0.19944026,0.2372529
0.1156379,0.04485452,0.04163979
0.18981645,0.19184308,0.17949553
0.31725916,0.09487665,0.09330933
0.22339892,0.056862086,0.050736036
0.3637747,0.11734567,0.15072553
0.24072634,0.08092236,0.0975026
0.2834892,0.16052194,0.1598689
0.21714178,0.08642063,0.105846025
0.16839775,0.04458165,0.05226518
0.18888994,0.037917424,0.038307182
0.13055803,0.02230325,0.01929184
0.2875144,0.14056337,0.116957285
0.17152269,0.044790808,0.043783527
0.10397046,0.04483323,0.037459984
0.099473745,0.02851246,0.025965238
0.2034419,0.11856298,0.114783555
0.2304629,0.06324136,0.08561318
0.17403816,0.10460148,0.0934355
0.2233131,0.25591284,0.20835803
0.27037084,0.91161674,0.77586704
0.12065536,0.041357677,0.03909081
0.23895906,0.6340802,0.5605721
0.2533965,0.11612644,0.13639948
0.20623457,0.1071908,0.11419894
0.29261646,0.123809054,0.13801947
0.24388756,0.39688742,0.38100347
0.26929674,0.6306948,0.48123
0.1902812,0.8372683,0.75592
0.23945263,0.13126408,0.13863918
0.20773077,0.09804204,0.09412323
0.20881793,0.08280287,0.08857441
0.112803236,0.027717302,0.0292182
0.25509,0.7044111,0.7280251
0.24843714,0.3680194,0.22506246
0.16233008,0.038243007,0.046011608
0.11675833,0.034469638,0.03493954
0.13333902,0.046617012,0.049098708
0.23370679,0.061977033,0.062230486
0.26682317,0.13520716,0.11788565
0.2780336,0.09220932,0.1007454
0.21258725,0.20887332,0.14493556
0.23379871,0.16380392,0.12882559
0.16349992,0.06049793,0.058907412
0.2203691,0.832755,0.7947416
0.30240065,0.9305968,0.90416276
0.24644132,0.5885316,0.5270708
0.25696772,0.57107085,0.38203374
0.11695193,0.042297926,0.04253957
0.17584819,0.9135144,0.8923144
0.24257807,0.28853467,0.23513794
0.21221024,0.39766437,0.3124046
0.1275402,0.05089062,0.045729887
0.214858,0.9246227,0.8931938
0.24447268,0.07530948,0.10750078
0.24738845,0.08860583,0.13009188
0.07032328,0.020062191,0.020903083
0.088446595,0.019275226,0.018487765
0.26827654,0.11490597,0.13435832
0.2068376,0.2512802,0.22055224
0.30778727,0.107661694,0.14443353
0.09879511,0.028447451,0.028856145
0.68825424,0.97107655,0.97627354
0.35516176,0.6981133,0.1982299
0.9273173,0.3983841,0.9325628
0.95116776,0.38257197,0.942667
0.27101758,0.7665655,0.7201499
0.092149325,0.029100213,0.028410882
0.16713113,0.113383286,0.091740355
0.15922338,0.07147177,0.06887023
0.44500843,0.09861785,0.52962005
0.22191784,0.24040642,0.24483863
0.1682224,0.1173139,0.099924535
0.23338829,0.0837712,0.10249466
0.27398637,0.1219684,0.13329215
0.19061463,0.2942924,0.21769376
0.9681816,0.47929972,0.9793051
0.24661368,0.13787445,0.14967857
0.20274417,0.5852746,0.33457422
0.33619794,0.17373487,0.20058648
0.18314478,0.0478552,0.055551328
0.16795108,0.27428827,0.19034237
0.20163877,0.14555599,0.13384645
0.1643099,0.18827696,0.19289355
0.3192287,0.114433035,0.15194224
0.11618131,0.03407617,0.035762373
0.6260648,0.5545564,0.5008793
0.16650632,0.11508132,0.11778869
0.23698759,0.050390698,0.052099325
0.21230516,0.103291966,0.08551174
0.18870682,0.19997202,0.17587471
0.22855927,0.055658683,0.046237607
0.19482684,0.16808113,0.16929431
0.21515729,0.045356866,0.051372666
0.22200201,0.08467727,0.10713234
0.32010996,0.14191693,0.15943208
0.18954462,0.6850525,0.54116124
0.3373649,0.105647184,0.14588203
0.20499186,0.091970325,0.10012293
0.19258314,0.050622527,0.06536398
0.20187743,0.08646058,0.08313915
0.1673551,0.16066144,0.15189792
0.15020864,0.037267722,0.042258896
0.24137932,0.09808725,0.13095793
0.23854095,0.10001219,0.09517337
0.2137961,0.07413267,0.06625512
0.254361,0.6626983,0.5635067
0.07409126,0.019904906,0.015015812
0.22851962,0.1840305,0.1641069
0.24980748,0.43777543,0.32503888
0.114314534,0.023406869,0.025710206
0.25524014,0.945685,0.91564465
0.13045557,0.03821211,0.039335396
0.24062182,0.27871093,0.26303983
0.13784216,0.043700863,0.04032661
0.46191433,0.10869513,0.18203077
0.08133518,0.019493349,0.019164037
0.23516531,0.15523411,0.17410825
0.39099732,0.20525359,0.23479113
0.17888759,0.09542721,0.09281758
0.44692394,0.7289004,0.20476069
0.22815134,0.847308,0.59770733
0.1785108,0.16120166,0.14975485
0.23056017,0.93643856,0.91687024
0.2514904,0.28762403,0.23517142
0.17421648,0.54200876,0.8625748
0.26096576,0.0601645,0.053676795
0.29640737,0.2887219,0.29641154
0.17955954,0.21539143,0.20145522
0.27076507,0.96542,0.95216405
0.1619855,0.0504853,0.05065354
0.2397018,0.8615987,0.74718976
0.12872958,0.043889318,0.048044328
0.19755374,0.11180016,0.12599386
0.16915199,0.047498833,0.04423697
0.21357074,0.7644636,0.68971735
0.23226945,0.06743556,0.058822237
0.32891968,0.29393008,0.2611584
0.14032006,0.058023863,0.065462686
0.17780796,0.07332373,0.06402153
0.16661969,0.03871776,0.03743403
0.22769175,0.11244051,0.11033618
0.06747785,0.02135403,0.020182943
0.18168776,0.09216771,0.07437479
0.112913094,0.035723202,0.04158271
0.08160107,0.019713406,0.01868035
0.16571614,0.058788374,0.052945103
0.136711,0.060186822,0.05661722
0.14169231,0.041991793,0.037738904
0.112780936,0.022515433,0.019816117
0.2553445,0.61147094,0.49753186
0.2931418,0.07860217,0.089953676
0.12614502,0.06673142,0.051854026
0.10796278,0.04896726,0.04553792
0.25212288,0.046946418,0.088347726
0.14322907,0.027359685,0.027277976
0.2069151,0.13251965,0.12756203
0.16745794,0.090239294,0.08205186
0.20988297,0.11843702,0.1287848
0.16584718,0.67700326,0.53234166
0.9257215,0.54176164,0.9582659
0.2265673,0.17787296,0.16833347
0.30800796,0.10901649,0.14439334
0.9350952,0.84857017,0.9371098
0.17233898,0.6923967,0.6521581
0.18943305,0.15840079,0.15029638
0.22637245,0.948589,0.9204129
0.20162256,0.10341371,0.09267934
0.1596991,0.15026726,0.12292254
0.14358662,0.18808126,0.17276865
0.13968976,0.061327536,0.06007628
0.18561612,0.9245817,0.92830515
0.26567194,0.21077381,0.16016276
0.13272305,0.03970789,0.04103393
0.07163888,0.015565334,0.015000123
0.17262535,0.04279576,0.046055894
0.31227294,0.47756907,0.32888395
0.25605777,0.081035,0.09910641
0.17388944,0.06221318,0.058684226
0.19504063,0.93060255,0.89493084
0.119591035,0.049814727,0.04100238
0.1958974,0.14493266,0.12033655
0.18182075,0.04062289,0.041349113
0.066550046,0.20534196,0.20027983
0.27422768,0.15602222,0.17448461
0.2305419,0.11504204,0.10808357
0.41996273,0.08394295,0.12315351
0.14258079,0.17989145,0.18315808
0.21833034,0.094134,0.1163189
0.18257366,0.06868671,0.0799468
0.15433647,0.9663694,0.9546951
0.31193098,0.3928302,0.36780417
0.15645543,0.045315437,0.04906745
0.11963138,0.02552283,0.02574891
0.19713598,0.1582243,0.14270824
0.42192373,0.18503201,0.30221397
0.12031353,0.044099867,0.04464187
0.16732568,0.042280726,0.044152915
0.23542404,0.07493764,0.0743987
0.12584865,0.05458479,0.061986014
0.23313537,0.23649815,0.2248471
0.31657544,0.26587418,0.33311296
0.22915652,0.13923334,0.122673094
0.79396224,0.21661799,0.35240638
0.111413814,0.17766772,0.12347423
0.23020782,0.38155052,0.24125317
0.27084446,0.13270906,0.16998215
0.11856078,0.13549992,0.062021863
0.081032746,0.025530823,0.023038112
0.14685957,0.03247447,0.032347154
0.20747805,0.9189547,0.83192474
0.3939493,0.42450696,0.30449307
0.21080415,0.88371897,0.7982243
0.22057183,0.9132909,0.8951383
0.14159022,0.24249548,0.2157975
0.23893493,0.10430312,0.12288342
0.23525381,0.051441956,0.060761865
0.12138814,0.044527363,0.04783515
0.10143633,0.024568666,0.022709342
0.95844656,0.52635515,0.977741
0.5375596,0.45370126,0.31155643
0.9659452,0.43125302,0.9778946
0.20964216,0.17368001,0.14726675
0.23908481,0.08401747,0.074726194
0.29213977,0.3432669,0.22405373
0.232331,0.95583004,0.9114482
0.11708411,0.030893095,0.033716932
0.35425088,0.076479115,0.0687484
0.15768151,0.12842019,0.094705135
0.19103627,0.891651,0.84613955
0.20293918,0.8959015,0.86105025
0.18735793,0.26073542,0.16986217
0.19401105,0.884006,0.66606957
0.19935238,0.8714003,0.5527612
0.18111356,0.06397561,0.08028274
0.18555635,0.05278688,0.059858784
0.2756762,0.15694344,0.17583726
0.18645369,0.047440074,0.058097225
0.3268979,0.056024924,0.07766092
0.25095737,0.0591829,0.0688166
0.22926094,0.3495991,0.18985723
0.19839384,0.056849837,0.0620656
0.1714498,0.037812978,0.039241426
0.22427285,0.13273601,0.15643317
0.20220089,0.08625832,0.075834066
0.20175698,0.082264245,0.07613226
0.17387185,0.058123972,0.059532266
0.3481911,0.09149564,0.10204347
0.20216319,0.4602546,0.3776589
0.22452198,0.07801069,0.077220924
0.27746573,0.057353716,0.06655601
0.19328415,0.11600944,0.122229494
0.26478982,0.888547,0.87832373
0.086089365,0.022440346,0.021947764
0.3469478,0.18061128,0.15995203
0.2814543,0.4979484,0.48328334
0.14593689,0.045642074,0.036817748
0.6833739,0.94641286,0.95552963
0.17949665,0.88864106,0.6306528
0.17888476,0.9521182,0.90902895
0.18073325,0.9559754,0.90632373
0.36570972,0.15545861,0.13776939
0.1263531,0.20101973,0.15691157
0.24086906,0.2017256,0.15132548
0.31627873,0.22676323,0.927844
0.19735357,0.077760786,0.06390977
0.24719891,0.12835285,0.1450055
0.26454434,0.21434462,0.18299805
0.27194878,0.30312535,0.23694384
0.21822801,0.119562656,0.09343243
0.1867721,0.15906145,0.13842861
0.17230467,0.110098906,0.08012469
0.49692824,0.13953312,0.18222634
0.26489037,0.3620504,0.2679243
0.2287788,0.46312922,0.3334818
0.12718089,0.6417279,0.35175735
0.22374146,0.17781927,0.13295753
0.09763649,0.03078926,0.033148266
0.07235527,0.01578451,0.013802463
0.08860092,0.019380797,0.01699626
0.116081186,0.040886357,0.03877044
0.1254567,0.057829898,0.053155832
0.68635315,0.20576525,0.19356695
0.17197314,0.08704514,0.07951282
0.13656513,0.03422433,0.036583085
0.17743015,0.10652254,0.08872661
0.17078906,0.103686966,0.11262955
0.60969967,0.13937138,0.20989814
0.12749185,0.07574357,0.06117817
0.15811996,0.03778913,0.042696845
0.21857724,0.16241859,0.119952135
0.22946388,0.056449372,0.07321711
0.24345109,0.7536733,0.6424109
0.2350576,0.10712189,0.17307174
0.14301282,0.04472996,0.03721663
0.45983332,0.42067888,0.25625965
0.8209308,0.47115883,0.5552311
0.20264953,0.8798048,0.8352182
0.27887887,0.96786934,0.95235103
0.18820122,0.34199357,0.18942225
0.18105508,0.14844987,0.12970394
0.21701793,0.068502896,0.08250378
0.3443059,0.118565634,0.09258964
0.12759899,0.03966308,0.036221694
0.32549,0.10852951,0.10197252
0.13797301,0.047346767,0.049860325
0.3277129,0.10410186,0.08996217
0.29596266,0.12077871,0.10066809
0.22412433,0.068032086,0.107951835
0.35979417,0.092069924,0.11255999
0.19282608,0.05473214,0.05169809
0.238626,0.10712367,0.0987185
0.1338792,0.21478705,0.18098208
0.17509402,0.050693937,0.052840207
0.23483051,0.052354097,0.06013575
0.20072235,0.05759852,0.060236417
0.23748907,0.15987264,0.20013091
0.16831458,0.04147247,0.04466394
0.2335638,0.18716736,0.22030906
0.21901177,0.22067131,0.17405033
0.23806992,0.14551675,0.18743308
0.34370247,0.07424359,0.0881151
0.25228786,0.17515053,0.1436271
0.22630234,0.05621634,0.056705367
0.23167314,0.05944816,0.05190384
0.10960478,0.038011085,0.03565659
0.10194929,0.029758636,0.030606408
0.3608413,0.46625,0.41664216
0.32299343,0.05571979,0.5060258
0.23896962,0.4882706,0.25208575
0.20963508,0.94799536,0.9004468
0.106719024,0.036928006,0.04003615
0.12414021,0.03798418,0.042014446
0.10640447,0.024919935,0.027585905
0.119774714,0.058368508,0.054337963
0.12512682,0.037612665,0.041273583
0.1427942,0.082433365,0.0861637
0.10839522,0.036296904,0.029759329
0.4226751,0.13525549,0.12875025
0.12463154,0.9684645,0.954446
0.2125222,0.30392352,0.20068845
0.23045865,0.09827358,0.10618117
0.4336595,0.41283035,0.36713073
0.11729429,0.8473726,0.7603417
0.949075,0.49685624,0.9691544
0.19134499,0.9461873,0.91231054
0.25303736,0.9539782,0.932573
0.21929997,0.45062134,0.39915842
0.20348118,0.20623073,0.19011869
0.23113279,0.38838378,0.41585854
0.16611955,0.058054116,0.052872747
0.40607202,0.07626151,0.063092135
0.4301799,0.10618302,0.09061355
0.29763532,0.27697635,0.1929679
0.22081266,0.2574383,0.21926461
0.25554797,0.109311506,0.09090379
0.36954153,0.08700285,0.06503452
0.2801752,0.0856724,0.089554824
0.27962172,0.40476495,0.25734317
0.17181134,0.12767741,0.15089688
0.3491533,0.24309321,0.19672094
0.176623,0.45338485,0.25132132
0.2363142,0.718203,0.6404481
0.6000002,0.11066173,0.12192639
0.29149246,0.082906894,0.088558644
0.29996496,0.16633403,0.13641682
0.2846783,0.10061047,0.1007241
0.27487972,0.13949355,0.13421823
0.30796263,0.8895175,0.88784224
0.28425962,0.90343195,0.83544815
0.1496361,0.04128678,0.042960227
0.22231334,0.42489794,0.3525674
0.20960087,0.12955533,0.13480365
0.27122337,0.13233681,0.10059236
0.225725,0.14144379,0.12776105
0.11745786,0.6311512,0.56651634
0.47521397,0.16876417,0.14926802
0.1743874,0.9504093,0.91958743
0.3573839,0.5298372,0.3479517
0.16190223,0.051132735,0.055071667
0.22158067,0.037009746,0.04001417
0.22158141,0.20581509,0.16589408
0.16101569,0.12564366,0.1107686
0.28610188,0.10165964,0.11853114
0.3516724,0.888174,0.83145237
0.23755379,0.160174,0.1678623
0.20111111,0.07522674,0.06781201
0.27372262,0.9458541,0.913236
0.23147649,0.18151712,0.17092969
0.20304261,0.6575779,0.43832886
0.29604104,0.14118372,0.1561312
0.31087482,0.9219801,0.8868235
0.28097576,0.09891692,0.09391318
0.24259475,0.060424294,0.060452685
0.2873382,0.07805265,0.0749922
0.26942942,0.069547236,0.075287655
0.2617312,0.074068986,0.087652855
0.22117652,0.22352417,0.18507788
0.2005715,0.4345755,0.34250113
0.8724864,0.88863474,0.9689302
0.18211184,0.28829747,0.243844
0.25745538,0.17498803,0.18792795
0.1808691,0.079170205,0.0874203
0.24606948,0.09314691,0.09838488
0.26149505,0.35900757,0.3755073
0.17848788,0.06206691,0.069110446
0.326642,0.94506216,0.9198627
0.20321354,0.5560169,0.2712419
0.21863303,0.22395742,0.1904498
0.32701793,0.75012994,0.7040018
0.1827536,0.46436712,0.36803305
0.2053326,0.09425291,0.09297687
0.18274324,0.107965775,0.1317093
0.1564492,0.32344905,0.24313064
0.2577976,0.42517835,0.400502
0.25853056,0.29519084,0.8324093
0.10169368,0.121867016,0.102516174
0.12969925,0.037120834,0.035360884
0.2829926,0.3071043,0.28186056
0.1940397,0.03893395,0.039144963
0.19355415,0.054908242,0.060593437
0.14798573,0.09117562,0.07122498
0.13680372,0.064434074,0.06257153
0.1808338,0.23842649,0.17569129
0.17409763,0.051521223,0.06654085
0.17352891,0.23242024,0.181359
0.14621562,0.06469895,0.059650563
0.1906812,0.0979443,0.10918018
0.28530037,0.22219345,0.19471902
0.3496069,0.61782736,0.5854399
0.18130812,0.06057287,0.06329548
0.5357981,0.4064599,0.3701035
0.4724887,0.23146254,0.21379134
0.19655368,0.13884573,0.11423642
0.14312643,0.10104812,0.085511126
0.23330154,0.13703771,0.1460605
0.21061592,0.09553931,0.07500775
0.21785785,0.94520485,0.9074753
0.22604583,0.37931037,0.39772114
0.3413675,0.05789609,0.060305778
0.29714462,0.37956205,0.24401681
0.19345681,0.09535296,0.07392394
0.17936246,0.07575598,0.06319823
0.15368986,0.10611616,0.09472607
0.14065903,0.07692121,0.07349719
0.15476686,0.10232328,0.10457773
0.23304053,0.35680372,0.2506799
0.26825446,0.8703262,0.8076671
0.2266862,0.12984526,0.13424864
0.15379833,0.033323128,0.033146977
0.18449818,0.10506567,0.09292487
0.17093247,0.08272281,0.070857376
0.15919974,0.11946959,0.09736412
0.18087621,0.07403313,0.06543539
0.17671339,0.05977146,0.06472341
0.1564894,0.04990843,0.048010718
0.176774,0.06484816,0.06698714
0.16972402,0.10381327,0.09016203
0.20520127,0.3223243,0.30635473
0.22046833,0.36185282,0.27299073
0.2093598,0.4915809,0.4525209
0.23084693,0.20194103,0.15465146
0.18556572,0.5103858,0.2850675
0.18134613,0.861114,0.88081723
0.27201822,0.5822604,0.5125289
0.16041522,0.09087616,0.07982035
0.17916647,0.088853985,0.08480983
0.24116425,0.32690454,0.20108037
0.15624103,0.1299781,0.11759241
0.17301899,0.09439547,0.08124059
0.18006207,0.070098765,0.06377319
0.17450473,0.0775376,0.07175522
0.26420218,0.32840362,0.21063745
0.25147,0.0878138,0.09890538
0.21974014,0.90975034,0.87314177
0.17810549,0.13290347,0.112482734
0.30485934,0.096691445,0.13772385
0.21351571,0.80619377,0.7713214
0.19542205,0.25411156,0.20442457
0.20348598,0.30599505,0.25694117
0.16434334,0.09347759,0.086821936
0.13204731,0.04284943,0.038558006
0.17299297,0.05740338,0.05815826
0.27568102,0.5522958,0.41455483
0.19529206,0.09415203,0.08977761
0.19401933,0.12665486,0.09961663
0.14351244,0.050597437,0.048305593
0.23995759,0.13279349,0.14141265
0.23353952,0.1999762,0.18975335
0.16833284,0.03484162,0.035340358
0.17871332,0.04005824,0.040341996
0.23515445,0.09325902,0.08724727
0.14892246,0.047933027,0.0446505
0.20436133,0.07154768,0.063155964
0.20984149,0.050234757,0.05012302
0.20765436,0.061660856,0.06787641
0.24481793,0.08071919,0.13887817
0.25445873,0.18442152,0.2621469
0.25922018,0.08537321,0.15733393
0.30145296,0.08183413,0.11028691
0.23930645,0.04925716,0.052423444
0.2479574,0.06856626,0.0665647
0.19947621,0.12294021,0.09530113
0.30933666,0.08532466,0.09719501
0.17300116,0.063144095,0.06417415
0.22825627,0.109273925,0.11915571
0.20398128,0.1292388,0.12904094
0.24728183,0.1658433,0.16158137
0.26460353,0.18621543,0.1994044
0.22892718,0.18125308,0.19224082
0.25517097,0.41404253,0.36421707
0.15892558,0.040864356,0.04341192
0.21134609,0.1390986,0.1493998
0.30744728,0.805444,0.71588385
0.17518072,0.0831904,0.06922601
0.17084749,0.08353312,0.082773425
0.18203682,0.14830427,0.14427571
0.15277246,0.060137406,0.059928272
0.13717121,0.062011212,0.056915432
0.1275008,0.051941983,0.047828175
0.13341929,0.046143375,0.04733508
0.14285359,0.08233078,0.08084517
0.14450152,0.041137483,0.037932307
0.18180557,0.08941042,0.09415466
0.1544001,0.09950683,0.08510495
0.15942818,0.12796476,0.11855703
0.1468791,0.061707586,0.059985127
0.14180268,0.07241257,0.07112613
0.17451704,0.08897619,0.08547677
0.13961138,0.0445592,0.036619823
0.19625433,0.18695094,0.16892052
0.17646013,0.22819036,0.18973643
0.2776304,0.36840162,0.34813246
0.58639884,0.15168099,0.21515788
0.1966979,0.3789611,0.279621
0.26480034,0.15934823,0.118704185
0.16592477,0.042383302,0.038361482
0.09839387,0.08423137,0.06390323
0.11289033,0.081266016,0.06552406
0.11762646,0.053833913,0.04926097
0.13347349,0.05160469,0.0481668
0.12052692,0.04071817,0.03733889
0.12407451,0.047899313,0.046314124
0.13880503,0.037247002,0.0395388
0.23008004,0.21330604,0.16448648
0.2023053,0.19785315,0.15324065
0.22057645,0.20227006,0.16905975
0.26310217,0.1584595,0.116303064
0.22015175,0.08012494,0.07556267
0.24964246,0.6486,0.28306973
0.20973273,0.7317814,0.7414078
0.19132741,0.9661872,0.9485342
0.17540024,0.16052504,0.15261333
0.20787126,0.17419444,0.14626299
0.1984792,0.20492427,0.19958787
0.23372883,0.7010352,0.6718146
0.19934624,0.04568992,0.09165677
0.21608602,0.8141859,0.7253772
0.24602938,0.25970352,0.3095919
0.14646257,0.036014512,0.037521265
0.23556523,0.59654945,0.38506812
0.22907804,0.16097246,0.12159348
0.17080855,0.04033607,0.04677679
0.2218417,0.05857634,0.07409815
0.15431239,0.034549933,0.028276928
0.12877247,0.06617311,0.048318647
0.16424823,0.03569767,0.029786032
0.25122288,0.065774195,0.0629685
0.2468851,0.05066384,0.05336998
0.18574141,0.12523973,0.10715052
0.2267505,0.15314034,0.15583688
0.16761734,0.039130993,0.03746629
0.13473457,0.062505946,0.049846683
0.17085639,0.046440575,0.054352988
0.15023711,0.076407745,0.07413399
0.7453082,0.32588252,0.43839484
0.20544116,0.35075322,0.30844975
0.2937419,0.27635878,0.24850832
0.176656,0.53654724,0.3245494
0.26211238,0.33401522,0.29415897
0.20439899,0.102118,0.09589923
0.1594387,0.08814114,0.080473974
0.17611262,0.2704384,0.22055908
0.17742698,0.11741248,0.10463331
0.19772334,0.41575858,0.38468772
0.14843096,0.11181726,0.1047185
0.18824744,0.15028939,0.13334946
0.14533567,0.044028975,0.03690772
0.16864501,0.13403752,0.119672276
0.18517156,0.21715711,0.20707925
0.17782022,0.050283715,0.055586837
0.20366608,0.20851511,0.17207164
0.25273132,0.080110475,0.118907034
0.19610217,0.04400952,0.036242183
0.2379282,0.056555044,0.046125297
0.13871717,0.031056264,0.027007276
0.17186356,0.10012074,0.09075437
0.18501443,0.083984286,0.104147285
0.18332739,0.08446942,0.13442774
0.17396209,0.060875524,0.053228285
0.15434891,0.08223588,0.07194516
0.31605345,0.32963705,0.24892834
0.17541152,0.082689784,0.06365213
0.88210714,0.48073283,0.8927273
0.9621273,0.404038,0.9739589
0.958586,0.27350467,0.9618653
0.9094593,0.5909996,0.9570463
0.9310315,0.6012238,0.93854415
0.96179605,0.39664152,0.9715775
0.9333652,0.8980922,0.94909
0.86696017,0.8496703,0.9549996
0.9589153,0.3931193,0.970325
0.94762206,0.591054,0.96507293
0.96960753,0.55050373,0.98159224
0.935935,0.5608192,0.95867157
0.9461937,0.5752353,0.96722823
0.93297064,0.4696526,0.926662
0.18536507,0.9038062,0.87471384
0.21125266,0.24950661,0.2321402
0.21627998,0.17598417,0.14981604
0.20393741,0.14991932,0.13215064
0.25442028,0.35368246,0.30145082
0.1800252,0.21432701,0.19888762
0.37908477,0.31331775,0.34337515
0.24500224,0.7297517,0.51908433
0.19106655,0.36106303,0.34577534
0.09235982,0.9216363,0.85956734
0.17530052,0.52219737,0.3272225
0.17315696,0.73079735,0.67465484
0.23743385,0.5231271,0.33794132
0.2813564,0.22195444,0.20370714
0.18244068,0.8526846,0.8134904
0.24081281,0.89329976,0.6041897
0.2530968,0.33625674,0.34741312
0.09493268,0.9463215,0.91894954
0.16460265,0.8930289,0.84807926
0.27386433,0.20326628,0.1298472
0.142528,0.84504455,0.48294467
0.16092977,0.5555104,0.36215293
0.18523216,0.33899605,0.21560617
0.24741606,0.3379849,0.79387414
0.09493692,0.95354706,0.92504716
0.21348031,0.31192365,0.4452612
0.13693507,0.19036458,0.20580652
0.1655204,0.8632342,0.79652274
0.15380725,0.70784897,0.58074546
0.24379405,0.42606813,0.24666306
0.24631037,0.5448229,0.39909476
0.16022739,0.9503009,0.93268406
0.2177391,0.1866034,0.14808604
0.23092327,0.53492767,0.39024833
0.1718878,0.32625857,0.23855169
0.18873927,0.26686546,0.2145098
0.14381896,0.21671769,0.1693685
