AgonistClass,AntagonistClass,BindingClass
0.104371324,0.48782638,0.30467302
0.114109114,0.2561382,0.11833157
0.10479791,0.40081212,0.16752014
0.084299564,0.121443674,0.090583414
0.069040276,0.058584202,0.117879756
0.06474626,0.065246694,0.09954969
0.099778876,0.08530954,0.10188348
0.07120829,0.06747888,0.12069895
0.1202266,0.061770502,0.13352096
0.4191618,0.21352261,0.6107897
0.05734245,0.050942745,0.11143936
0.13465616,0.034298446,0.079555616
0.0734718,0.08615705,0.10887552
0.14189723,0.65324056,0.28042626
0.035409242,0.033122312,0.11922327
0.019074729,0.12573656,0.07204241
0.11844365,0.41793343,0.23186778
0.045421287,0.113965616,0.14355105
0.09477744,0.65383613,0.34137127
0.05906477,0.04156093,0.0561978
0.08796394,0.15162739,0.18383338
0.105139524,0.40108696,0.21493644
0.027934471,0.26370022,0.1967227
0.055816557,0.36916327,0.24223293
0.16745973,0.38099343,0.11872228
0.09615769,0.3771846,0.14373283
0.010029301,0.07840845,0.15964516
0.06677718,0.08744164,0.13628241
0.009181466,0.080323696,0.16955756
0.29076782,0.11923251,0.14854643
0.060140613,0.23250726,0.066979185
0.94300556,0.6631801,0.95522857
0.044475667,0.76466846,0.15942487
0.09090125,0.049364302,0.10080865
0.105207495,0.08977648,0.18932183
0.083550334,0.0553423,0.102486
0.086386986,0.08733653,0.059932422
0.088584766,0.12184544,0.1563294
0.12354493,0.26865795,0.18659157
0.5924753,0.90705806,0.4238107
0.10137718,0.09936888,0.09198204
0.13927771,0.028433852,0.13465473
0.07824873,0.06302832,0.096665606
0.07483662,0.068077,0.087815724
0.1670203,0.10799055,0.06854186
0.431619,0.11175727,0.087455265
0.011470386,0.16492148,0.10868644
0.089967005,0.09661942,0.15519276
0.03467643,0.116727345,0.13864377
0.017623655,0.03365149,0.069164634
0.095091805,0.05106117,0.11060688
0.09274345,0.05979659,0.10631455
0.17757648,0.27497563,0.116811685
0.050036334,0.29996553,0.14346486
0.5199932,0.87513787,0.28982884
0.09926504,0.46474364,0.43102062
0.874507,0.19179282,0.72481674
0.027698943,0.039900407,0.10836494
0.22525558,0.5149893,0.9183326
0.76852834,0.89603263,0.95217776
0.023243852,0.061479144,0.16284178
0.010440849,0.04333073,0.09518749
0.057482325,0.08487578,0.18409225
0.09876338,0.07292477,0.085262984
0.019792555,0.10202177,0.18210964
0.11102132,0.08487898,0.09315323
0.05735266,0.044901583,0.112872906
0.112787925,0.04309435,0.14188597
0.058714833,0.059850052,0.1415993
0.07462855,0.865084,0.9731705
0.054509215,0.2069249,0.09841231
0.094245434,0.06409388,0.08839937
0.055750802,0.03691907,0.069788955
0.08744037,0.06623332,0.069203734
0.06439023,0.042472154,0.09550824
0.062293675,0.05232737,0.10284383
0.097744435,0.08006487,0.13172445
0.11200049,0.054304518,0.11945971
0.1275783,0.076674566,0.09168591
0.113641106,0.08850575,0.07540904
0.068307094,0.16386256,0.109003134
0.0674032,0.87006694,0.8218627
0.06798343,0.05740241,0.11973862
0.076221004,0.061490905,0.11754953
0.08968528,0.04807613,0.11884033
0.07189113,0.049780406,0.099980235
0.08595131,0.045312837,0.08875461
0.040628895,0.041484576,0.08222886
0.11979922,0.056977477,0.08574118
0.046785124,0.051010683,0.100667864
0.058360826,0.047450725,0.09706492
0.069359615,0.069257595,0.09309562
0.12700906,0.079888724,0.086876936
0.09556683,0.07128432,0.098925464
0.097028606,0.0857991,0.09042267
0.088620305,0.057938803,0.052026547
0.06098982,0.042447053,0.10661656
0.10110077,0.15924984,0.17558141
0.12582667,0.0929937,0.12815286
0.09385391,0.05559008,0.04818088
0.07951857,0.79328483,0.944386
0.060745474,0.04164625,0.069747634
0.07712031,0.074913435,0.14530897
0.082577236,0.0019147588,0.071086094
0.11404728,0.099097446,0.11020945
0.20776184,0.109141886,0.1353776
0.093273595,0.07473446,0.105603784
0.18671381,0.10750837,0.11728922
0.10931753,0.08692281,0.09877535
0.15307714,0.07301471,0.117655985
0.0559511,0.055348184,0.1146336
0.054843925,0.083097145,0.09792
0.05289142,0.080960944,0.084991105
0.052811984,0.061673947,0.082763776
0.06671143,0.06596238,0.1347574
0.056189217,0.054427005,0.0866241
0.060637686,0.05819425,0.117779374
0.060667817,0.04496757,0.10257102
0.05499656,0.05419059,0.113791704
0.10134403,0.38484308,0.38065788
0.13044038,0.04264104,0.189102
0.00014238691,0.956087,0.9447218
0.09767929,0.13113241,0.20756185
0.060732864,0.05132722,0.112552695
0.054457244,0.05709607,0.12122654
0.05849828,0.050768454,0.091279514
0.08657898,0.06924728,0.10372362
0.038330305,0.038293514,0.10238259
0.107404284,0.06320211,0.11392753
0.0942307,0.075864896,0.108209126
0.09619916,0.07539533,0.118657716
0.10875749,0.07436849,0.11366764
0.06588092,0.06900942,0.07182391
0.031708676,0.026183713,0.07696152
0.101731524,0.048247073,0.13865903
0.08211148,0.15844843,0.19733058
0.101689234,0.063892744,0.18581334
0.055908818,0.043679364,0.10450677
0.0707434,0.053138614,0.11470028
0.068599954,0.058825247,0.12353908
0.05560265,0.048072837,0.10189886
0.12597628,0.06581925,0.07844245
0.04752648,0.047307298,0.08336108
0.06825182,0.05509116,0.06507531
0.9086726,0.1109622,0.848272
0.07163428,0.050154563,0.117033795
0.16803098,0.09732367,0.10098086
0.081079006,0.06247033,0.11065897
0.06958835,0.03938264,0.08540605
0.059051502,0.04260006,0.096538104
0.11738476,0.12936015,0.15047736
0.07149589,0.061960727,0.12364379
0.15077527,0.21910666,0.27383602
0.050551884,0.04102736,0.065209754
0.05536241,0.044094782,0.097415596
0.070282765,0.08620405,0.11141414
0.07731136,0.0864168,0.11543278
0.3356283,0.7136661,0.7648102
0.09913988,0.06708855,0.13260585
0.15319565,0.088129476,0.13774627
0.122230746,0.0894321,0.07290156
0.097573176,0.05393699,0.15967174
0.055924136,0.036445778,0.10428466
0.08414648,0.04493334,0.08816368
0.049886398,0.03983468,0.10402214
0.06918161,0.058983058,0.118160136
0.0814586,0.080000326,0.12419057
0.059462164,0.05933151,0.1196901
0.054134917,0.04643537,0.1056188
0.05561127,0.044177983,0.10994667
0.087885976,0.06048743,0.13215482
0.10205285,0.096533984,0.14170565
0.072344586,0.057109587,0.12160753
0.07448093,0.05052045,0.10721298
0.09391673,0.031961843,0.08218777
0.15392962,0.9170539,0.95803267
0.09277128,0.04361823,0.11675519
0.07494384,0.052233443,0.11653949
0.07052444,0.05650535,0.06717607
0.08970008,0.1254695,0.22182019
0.09536409,0.07567768,0.11920731
0.051350676,0.0295817,0.11128351
0.07582217,0.060065754,0.14264613
0.054127876,0.039224602,0.09165821
0.06810034,0.044901256,0.0914777
0.062499285,0.0708495,0.13407438
0.069380276,0.042557124,0.08950577
0.0826723,0.061822247,0.11065111
0.06791118,0.068695575,0.05936816
0.8214024,0.23666795,0.38365832
0.05596938,0.06053906,0.14837128
0.050709408,0.028157659,0.109508045
0.057140067,0.033899143,0.11125536
0.06429176,0.04277593,0.124616995
0.07444077,0.052121393,0.13680163
0.09597049,0.05449227,0.18970223
0.04893563,0.03405347,0.10417158
0.0513417,0.025530912,0.12100114
0.07562207,0.058037993,0.13941991
0.05739758,0.045654196,0.1157965
0.0621634,0.07796785,0.10899033
0.08746398,0.07202408,0.10412685
0.09144434,0.06822198,0.10982604
0.111938566,0.87381613,0.19853748
0.048587926,0.03057836,0.09940489
0.08052264,0.06209883,0.10651525
0.16466631,0.049138527,0.10810266
0.07463782,0.036789823,0.100921385
0.103307135,0.936811,0.9500293
0.08988018,0.08977931,0.19843584
0.07319137,0.06352113,0.108537525
0.06876751,0.05690212,0.122712836
0.08447956,0.051021833,0.09559796
0.095832795,0.55938,0.7437797
0.064949006,0.052293517,0.12614565
0.08656121,0.058850266,0.13855377
0.055540685,0.025032515,0.13478257
0.05226532,0.043005567,0.1293377
0.081246816,0.05986364,0.1441565
0.090370245,0.05909756,0.14640641
0.110079125,0.10854879,0.2711441
0.05794614,0.02323534,0.14478412
0.07692138,0.054051396,0.1285999
0.088688724,0.06026864,0.14290623
0.058018405,0.02474948,0.14965405
0.052339796,0.05222778,0.21183647
0.09149181,0.0631875,0.1472934
0.9437635,0.14411835,0.91159487
0.058343165,0.026873808,0.15735579
0.058327395,0.028598765,0.16899085
0.6584288,0.1532063,0.42873427
0.12604685,0.07413726,0.2537269
0.12526956,0.08131166,0.32040742
0.04909071,0.037687,0.12349175
0.049552605,0.054437168,0.22391422
0.12789668,0.13259006,0.15573142
0.12151805,0.015661445,0.07447161
0.0014925927,0.960606,0.94018775
0.09751091,0.012698594,0.06992604
0.059037358,0.029297426,0.10616536
0.08494721,0.3558647,0.08432944
0.13710585,0.09512014,0.16090223
0.19932078,0.7094211,0.66590714
0.14239746,0.57387114,0.8986176
0.10815956,0.11217565,0.15815954
0.04581997,0.13099097,0.14711675
0.2322936,0.13860373,0.15153246
0.051634233,0.034093663,0.10555222
0.18748756,0.91344553,0.9189121
0.111335024,0.04645174,0.17580062
0.00019785794,0.9611112,0.9437978
0.343357,0.86799616,0.39373657
0.54684836,0.8746524,0.29591942
0.19731711,0.9423909,0.9707527
0.21750659,0.9551411,0.8981083
0.102498546,0.0773101,0.15208022
0.017943997,0.057857193,0.061478835
0.08883237,0.089537054,0.09121024
0.09819331,0.102153905,0.32636628
0.1106843,0.030200338,0.07742714
0.06996225,0.06649353,0.11291589
0.120640226,0.0574344,0.10314397
0.48340788,0.09453612,0.15050617
0.00043210186,0.9607821,0.9490448
0.8773956,0.22432643,0.69322526
0.04753462,0.31694347,0.32816234
0.061622452,0.084752046,0.09686922
0.11555738,0.51974124,0.3773406
0.119172394,0.21973062,0.2864252
0.08309261,0.22160633,0.08579576
0.055994693,0.05763339,0.11438423
0.05677294,0.04954123,0.11237372
0.1013714,0.76148176,0.23572667
0.13622096,0.24053174,0.16087353
0.039515555,0.023343587,0.112366684
0.07600074,0.041825242,0.17118348
0.06783241,0.0431615,0.14195862
0.2834944,0.1293972,0.09322046
0.06525945,0.12944736,0.0879339
0.13243602,0.27539337,0.27204978
0.0911922,0.15013506,0.13300745
0.15411161,0.10197185,0.13363868
0.11683714,0.17851545,0.11331778
0.7323014,0.95553213,0.83527315
0.20467888,0.09765838,0.081970945
0.258857,0.1885092,0.17042184
0.09449586,0.10269531,0.09466129
0.065942995,0.043226406,0.113026716
0.4676279,0.07776548,0.093894154
0.70594156,0.9657357,0.94738305
0.12492051,0.08973888,0.10536883
0.05684369,0.08448986,0.20369777
0.010368147,0.046427984,0.100213036
0.12754114,0.0643928,0.20782709
0.07074192,0.012589133,0.11044072
0.16402626,0.119813375,0.38291076
0.15252483,0.94900924,0.9585127
0.05589491,0.12676221,0.11342567
0.003828117,0.9504164,0.93391454
0.09149966,0.057721086,0.16996959
0.01649851,0.6133818,0.8724391
0.041104577,0.058516715,0.26100612
0.22396147,0.94976634,0.9404182
0.05345658,0.15091985,0.20615426
0.05033338,0.103477195,0.09870768
0.2937717,0.11991658,0.15456381
0.03525763,0.103884265,0.11092377
0.041556533,0.07723662,0.12637942
0.039485008,0.04983096,0.11528968
0.034915794,0.1183901,0.080065265
0.121380635,0.06293367,0.06377868
0.0840367,0.082182884,0.13085707
0.0731833,0.16348806,0.103519395
0.13816166,0.0719546,0.102879286
0.036068738,0.09731114,0.09194619
0.10515984,0.10364523,0.10718772
0.074265376,0.07545089,0.14433295
0.39255565,0.14659294,0.34846848
0.04422732,0.18994707,0.103445694
0.07681135,0.036031388,0.07420184
0.12113057,0.055256724,0.14249952
0.04129003,0.028772399,0.06815977
0.059017375,0.43002033,0.19796875
0.4196707,0.06854544,0.1349571
0.45118043,0.07292883,0.13498347
0.030876018,0.042147785,0.11219404
0.09358925,0.043608148,0.09521579
0.2329231,0.15214372,0.02856278
0.8183192,0.115198836,0.22769125
0.23798598,0.077967405,0.13324101
0.12727912,0.029988961,0.06818046
0.14232527,0.028808493,0.07366034
0.92424726,0.12363898,0.8587021
0.013723656,0.94472575,0.9688278
0.095564276,0.070145674,0.1282141
0.12198713,0.058075838,0.11087903
0.025451569,0.18149318,0.22577707
0.1923755,0.1837693,0.22247739
0.118076794,0.06738803,0.14003195
0.061187852,0.046803042,0.09661328
0.042282537,0.11039665,0.17129007
0.44952387,0.109204076,0.08703009
0.023480374,0.19296841,0.1626994
0.049942717,0.058827385,0.06304611
0.0881264,0.12521423,0.16560285
0.065436035,0.07851381,0.12794
0.053191967,0.13459185,0.13386759
0.07413506,0.165447,0.20449948
0.076582894,0.13601878,0.2714849
0.0881847,0.0706068,0.10883257
0.102826945,0.059191246,0.3887209
0.062205702,0.044480603,0.11366108
0.063997336,0.043708965,0.029839061
0.049948078,0.088914305,0.15217568
0.064281054,0.068064354,0.11108791
0.081197225,0.0650925,0.07611251
0.14804943,0.09659898,0.044627726
0.12700444,0.09275054,0.12643169
0.08874187,0.040749773,0.10667354
0.069418564,0.061811343,0.123228386
0.06513032,0.056623474,0.12648676
0.0743372,0.044913232,0.0959354
0.075990714,0.079696834,0.11792777
0.063299306,0.043783944,0.0934375
0.054556254,0.032972902,0.11061302
0.09153199,0.118596494,0.19529186
0.058581818,0.13165905,0.31314734
0.12721835,0.0322399,0.070067644
0.06231103,0.03479787,0.09163134
0.08559938,0.08794704,0.12761103
0.07614427,0.07190913,0.16673854
0.057490695,0.049376655,0.115663
0.052262664,0.034763873,0.11221692
0.048357483,0.035598624,0.11181202
0.05312612,0.036508773,0.11388091
0.05319524,0.05639776,0.24489231
0.19055621,0.027966704,0.11476064
0.06606093,0.045825288,0.11645969
0.10178927,0.077424295,0.14032307
0.9460936,0.7001904,0.9530117
0.051514592,0.018966854,0.05873788
0.07786547,0.09802562,0.13588232
0.15550888,0.131826,0.26980388
0.1026015,0.6640659,0.10312621
0.12566254,0.038454194,0.15800054
0.00012412897,0.965542,0.9486698
0.00014670423,0.9655635,0.9476646
0.049086727,0.027156655,0.07659836
0.5826091,0.9190467,0.8746552
0.28396377,0.13860792,0.09723215
0.10819478,0.09099767,0.14052472
0.44383925,0.13054188,0.3222517
0.08698187,0.05523442,0.13400805
0.030503774,0.94233024,0.9380103
0.06726221,0.060577687,0.124119304
0.0709854,0.08322992,0.15725878
0.12364951,0.04487231,0.151027
0.18036252,0.10479497,0.12978098
0.031719826,0.45916116,0.4514595
0.18293162,0.94456637,0.9454178
0.10724711,0.109843194,0.09109459
0.09155152,0.06937447,0.12959787
0.9282295,0.6534037,0.5858798
0.93924946,0.14502594,0.15600061
0.39942887,0.14807636,0.15591076
0.80733985,0.25581926,0.16814008
0.3814968,0.15293056,0.1614487
0.09515095,0.4267824,0.19355643
0.08582696,0.07212192,0.10084016
0.054897435,0.021450013,0.12329997
0.046542086,0.016864281,0.10221396
0.096053705,0.11977778,0.22539818
0.06883037,0.099020384,0.13203943
0.019237673,0.7905528,0.9449209
0.08575955,0.68306303,0.447063
0.34019884,0.29729757,0.4800316
0.060550556,0.862079,0.93705726
0.7304331,0.93056005,0.9447486
0.0729959,0.21901254,0.10450499
0.07062667,0.105021834,0.09397031
0.06652701,0.082046114,0.072028816
0.046480946,0.10010066,0.07325288
0.07259602,0.17229588,0.13025972
0.05026459,0.05347241,0.10846063
0.124674514,0.9676935,0.96580917
0.1331126,0.95427233,0.9311177
0.13733909,0.79033935,0.3001964
0.12355652,0.104773946,0.050617382
0.08604621,0.033039838,0.17484005
0.052098714,0.11305367,0.14063708
0.043854725,0.044106744,0.1271994
0.045737766,0.016159322,0.09320563
0.06424192,0.076319866,0.1180475
2.0225463e-05,0.95925266,0.94825274
0.047131833,0.57091683,0.39230427
0.023840105,0.62146586,0.88937557
0.026002781,0.09560663,0.0655139
0.05864148,0.03782643,0.09741337
0.07871629,0.4883706,0.61289394
0.16533928,0.95232284,0.9281945
0.18280414,0.71449375,0.652907
0.112659566,0.12959705,0.07132443
0.008800051,0.92250276,0.93191856
0.53358346,0.39438188,0.42462158
0.01020666,0.94492865,0.92343104
0.1132564,0.059758052,0.09949272
0.093421794,0.069042034,0.098046064
0.06415492,0.04416641,0.12698646
0.04372611,0.22852814,0.23584849
0.07231876,0.47631553,0.8507843
0.13702023,0.13491087,0.16770174
0.08790415,0.38476172,0.16085456
0.05894057,0.94338745,0.98451495
0.1400074,0.16561446,0.111227535
0.10552644,0.019585123,0.05535356
0.04036403,0.06655286,0.13325998
0.20591542,0.93484175,0.96433914
0.08276762,0.0049472344,0.08159712
0.08526051,0.09958726,0.17241542
0.09049325,0.94794714,0.93727356
0.15198773,0.70195824,0.16202323
0.078376114,0.027384456,0.08566116
0.07982161,0.029198853,0.0899837
0.07286795,0.91462266,0.18819116
0.10823225,0.12408793,0.12275837
0.46214116,0.3573481,0.29863298
0.075104244,0.047998186,0.0954699
0.08405968,0.069086194,0.12556666
0.06700553,0.14854291,0.1388971
0.14508519,0.046538312,0.10757714
0.12577559,0.17917629,0.22482117
0.107446454,0.048264977,0.10965135
0.12055832,0.04848312,0.12954862
0.08322095,0.058409598,0.10921829
0.14770412,0.0638638,0.12913954
0.057734787,0.048721626,0.08328132
0.0943796,0.36232176,0.16532582
0.03063739,0.9500337,0.8986031
0.09082359,0.085412286,0.21537407
0.0636575,0.109493636,0.18003045
0.02372533,0.09102314,0.09971509
0.0814306,0.052832674,0.10039413
0.185539,0.6289894,0.27710086
0.07288081,0.034448054,0.09093443
0.40786156,0.9425825,0.838628
0.0279666,0.08176781,0.16819999
0.08886261,0.043110065,0.10598133
0.9285536,0.6176851,0.93388534
0.11822966,0.09772442,0.07261435
0.6559394,0.38630733,0.42785665
0.056236815,0.04299711,0.0965647
0.09826909,0.077146985,0.10423305
0.1371526,0.047340382,0.11325067
0.054494392,0.04571616,0.08616422
0.05575664,0.0327131,0.17388098
0.044336498,0.019067487,0.12572032
0.090548165,0.07537492,0.13661726
0.23055944,0.13191655,0.07054632
0.45578718,0.19921015,0.28031632
0.12693974,0.03740841,0.18131088
0.07721537,0.041521523,0.08448185
0.1304272,0.045800254,0.18679762
0.1393795,0.38538527,0.26058668
0.050532255,0.26508552,0.24879844
0.09420081,0.08612419,0.23383635
0.053842332,0.023848012,0.12892066
0.08487831,0.0621862,0.14748596
0.7205462,0.94676,0.94219595
0.24469572,0.95854205,0.93987775
0.045429345,0.027153263,0.114856474
0.93689233,0.5439311,0.9414361
0.9194557,0.5542829,0.54242706
0.04907857,0.08823797,0.20130436
0.1458235,0.14065297,0.10062011
0.06558942,0.06587117,0.10727571
0.048342682,0.028261365,0.09309411
0.12028491,0.94124407,0.9278713
0.0949436,0.048727725,0.12381872
0.08315631,0.6810558,0.92460537
0.037133094,0.108342044,0.083417654
0.06185215,0.7357774,0.3058769
0.12246163,0.023334056,0.14398606
0.096044116,0.06449826,0.109305814
0.09084814,0.07158521,0.12334552
0.08118235,0.055806547,0.109915525
0.544601,0.96119285,0.9646528
0.08416816,0.097206734,0.14507823
0.05570142,0.047768243,0.18955037
0.07252813,0.02565558,0.05871144
0.06560304,0.099708825,0.07886219
0.069922395,0.39185107,0.120354466
0.07668394,0.066852145,0.108553186
0.0726294,0.07001078,0.119538605
0.410688,0.16172345,0.15427417
0.2546606,0.82004666,0.3094729
0.033645935,0.14234765,0.24285753
0.06489374,0.047601327,0.079422206
0.34453845,0.23296647,0.4508452
0.19019754,0.06718812,0.10758309
0.0975491,0.52104837,0.34536585
0.08201319,0.06740354,0.11983794
0.018405342,0.06437094,0.1135151
0.07593931,0.052212145,0.10296949
0.017741725,0.036214065,0.06941749
0.1293477,0.05294023,0.1926913
0.091520615,0.00927804,0.06355765
0.13804378,0.033918932,0.12132828
0.09619894,0.90957797,0.98532593
0.1331798,0.43762186,0.1995209
0.11756243,0.0590267,0.099124946
0.03938354,0.012211118,0.091374785
0.089548744,0.064091265,0.08695371
0.15411918,0.23118457,0.122889094
0.16453674,0.8613611,0.9588265
0.010690994,0.07503157,0.16237774
0.08543358,0.06275229,0.15538727
0.07251274,0.061452165,0.12839198
0.07913767,0.48194084,0.7024255
0.053250175,0.9197857,0.9305073
0.05241813,0.082575396,0.11308467
0.21553278,0.10093484,0.1275358
0.17971437,0.950272,0.9326733
0.11429182,0.033795927,0.08137093
0.074032426,0.030321825,0.10338386
0.07147804,0.035799373,0.8003647
0.059357736,0.041673463,0.11033788
0.0503771,0.047615014,0.1097846
0.103946745,0.08612091,0.11473339
0.11885434,0.0648813,0.2038325
0.02789846,0.7590467,0.4273475
0.016078634,0.77513975,0.8825738
0.0909397,0.038873672,0.08728801
0.09653159,0.061083544,0.09154319
0.1440864,0.9460916,0.941109
0.27665916,0.14342661,0.102804
0.07904447,0.028076487,0.11822753
0.09574922,0.017406287,0.072276965
0.058374017,0.017844819,0.13496286
0.08286209,0.21892709,0.14753662
0.03859401,0.28399011,0.091714814
0.046516035,0.010244467,0.09466744
0.089448,0.08241405,0.13707127
0.2587921,0.103998385,0.026061716
0.06845783,0.036853284,0.13291778
0.41377476,0.17018862,0.7699236
0.46826658,0.5334058,0.3406547
0.055119764,0.07049297,0.07372555
0.14191252,0.06251929,0.10056993
0.15005772,0.056235537,0.08904112
0.120290205,0.058440458,0.13945282
0.09491483,0.065134704,0.12058384
0.08411837,0.1017225,0.13988592
0.16050763,0.049911086,0.18536925
0.22628172,0.8995065,0.76838934
0.102076754,0.071914494,0.08123678
0.1267354,0.16026098,0.077241145
0.06822131,0.008954583,0.0705002
0.13649254,0.15045865,0.15360714
0.14466909,0.1672265,0.07024458
0.0670359,0.26979768,0.12145435
0.062384017,0.057577714,0.11358343
0.039647516,0.036100738,0.360854
0.41853097,0.92317855,0.90941495
0.08296478,0.25962734,0.09410979
0.042030793,0.22715704,0.13167128
0.4311846,0.21429962,0.6132583
0.108368255,0.008965231,0.097132914
0.10791118,0.09092804,0.12640895
0.14004752,0.10247045,0.11825879
0.25557095,0.3098141,0.13476305
0.12778291,0.1875995,0.24189726
0.11814237,0.041519303,0.23498729
0.089397736,0.042205434,0.11960529
0.08443501,0.050269436,0.07181414
0.12779322,0.34303018,0.19279772
0.06208121,0.40225497,0.17228301
0.11672062,0.86259437,0.9534822
0.8204934,0.68747216,0.9261184
0.07050886,0.034781978,0.10379435
0.06412689,0.04353586,0.22147366
0.12913454,0.2223345,0.3443527
0.08927042,0.1782865,0.13087468
0.06055313,0.16420339,0.07478
0.061731692,0.9589468,0.92680395
0.14334413,0.7050094,0.6802412
0.04274215,0.2628123,0.1507754
0.09858838,0.30520672,0.077440575
0.018975113,0.7013129,0.8787263
0.07298566,0.3329004,0.2622518
0.05235231,0.06370528,0.09025779
0.13648172,0.2730607,0.058381047
0.05171915,0.1910784,0.21595632
0.1270844,0.35173663,0.90989465
0.18279721,0.9135721,0.96484774
0.059048522,0.30720812,0.22821593
0.118189625,0.09533283,0.2829517
0.050147712,0.54617804,0.2688431
0.06838866,0.033070657,0.102223486
0.1582372,0.04127756,0.11658651
0.1394147,0.07667725,0.08656052
0.12705861,0.1465011,0.07655063
0.09836172,0.8343943,0.3591331
0.018746138,0.070807934,0.34843642
0.09110085,0.06987396,0.10748634
0.07797594,0.19479452,0.10212546
0.056590024,0.021878345,0.096279085
0.008785057,0.1514433,0.09045648
0.059460424,0.019970018,0.08410575
0.058003504,0.03656078,0.05468209
0.11746721,0.593764,0.23689187
0.0720721,0.9137195,0.9500461
0.10560376,0.47438625,0.5054021
0.9104025,0.92770857,0.96488523
0.53007364,0.459933,0.17467448
0.8001186,0.5955115,0.9091067
0.06301652,0.028511187,0.1372338
0.059864294,0.053637642,0.22039756
0.13003689,0.076476336,0.11930658
0.09383816,0.077055804,0.106491886
0.058631044,0.31346264,0.909361
0.053953428,0.04674004,0.15099923
0.07644994,0.07678922,0.1205518
0.07740216,0.054818023,0.098820016
0.10552268,0.9406047,0.9415105
0.123583764,0.6167342,0.8986439
0.09122789,0.15328452,0.10313175
0.08947302,0.061364874,0.108530544
0.019036304,0.806397,0.9449225
0.07413827,0.4610239,0.30162212
0.41873705,0.2450363,0.13609944
0.019875593,0.7937246,0.94398123
0.016670737,0.31222343,0.4771893
0.05797072,0.013131964,0.16882567
0.08478442,0.08204851,0.083181016
0.02374056,0.37268332,0.7200502
0.5720973,0.572659,0.309126
0.024997339,0.7624716,0.34641907
0.046982422,0.041619785,0.12084189
0.024599927,0.014275545,0.17566706
0.14277098,0.10185355,0.08008367
0.07508012,0.10701191,0.09222548
0.1227714,0.03586846,0.08331107
0.11946556,0.15759693,0.1650599
0.06890016,0.03759967,0.12603821
0.076085135,0.026625436,0.08589929
0.24341382,0.11249085,0.063990206
0.04686505,0.021876134,0.08243138
0.122415006,0.37721846,0.9129242
0.05683235,0.145338,0.6029834
0.08581224,0.310231,0.32647017
0.059423726,0.055662997,0.13168857
0.13457328,0.07903247,0.09951337
0.06475535,0.36183962,0.20133997
0.058695503,0.02099971,0.84569633
0.08080006,0.0025071152,0.098147884
0.43048075,0.13504654,0.10343619
0.0680546,0.07869204,0.09295195
0.09879553,0.092852116,0.107702106
0.050266627,0.915357,0.9198129
0.11661205,0.88754225,0.94996846
0.05298841,0.039528076,0.06411863
0.015761679,0.1903819,0.04828876
0.94479114,0.73333675,0.95540285
0.11372459,0.08353619,0.1324313
0.07425841,0.3190601,0.13886876
0.07172198,0.023032011,0.06673548
0.071369976,0.027561788,0.11167923
0.03895005,0.04198841,0.10467107
0.11172974,0.7591044,0.152616
0.57913315,0.88705444,0.96900505
0.3361716,0.626936,0.123801716
0.055314206,0.07004093,0.123426355
0.1360501,0.5554637,0.35194024
0.10674378,0.007380308,0.030456815
0.06387262,0.112731,0.19946456
0.16194901,0.070181616,0.10579319
0.12389949,0.93968254,0.9218886
0.10768567,0.9532301,0.8392907
0.9332699,0.14795741,0.17314762
0.084681205,0.032454304,0.095755935
0.09523935,0.9172523,0.95060253
0.10952132,0.067232534,0.08985671
0.10678787,0.04565998,0.08826035
0.19694729,0.919293,0.3049304
0.11828015,0.078778006,0.19852836
0.34213477,0.9103145,0.91517967
0.12956981,0.21792673,0.09258899
0.13874261,0.8589752,0.4486425
0.9473328,0.68291074,0.95091176
0.14971584,0.5589313,0.77649164
0.018978212,0.031016242,0.07837608
0.06817139,0.022719832,0.11807642
0.016880203,0.20454867,0.15080082
0.08767973,0.05676951,0.15637758
0.003898117,0.9612095,0.95298296
0.18775153,0.9478863,0.9515279
0.06336606,0.055311725,0.20475641
0.07368001,0.06392016,0.12753259
0.061987475,0.023356942,0.1047621
0.4081463,0.1036202,0.10439143
0.07279049,0.10049077,0.15025604
0.20567347,0.12511913,0.042828638
0.07384685,0.059957474,0.099415734
0.16546457,0.081082165,0.13556568
0.08352237,0.05986544,0.09828418
0.25652722,0.81037146,0.96260345
0.059730005,0.91845864,0.9528767
0.16661571,0.95522565,0.95434386
0.12390175,0.16082762,0.109314084
0.40277228,0.18120445,0.0770505
0.06842613,0.009559616,0.124855325
0.07116129,0.0335446,0.1505448
0.11071197,0.16831379,0.08323547
0.06585715,0.23297417,0.15532866
0.05012973,0.22987747,0.114820205
0.055606283,0.05533969,0.08285499
0.10685349,0.06067064,0.12983795
0.076281704,0.092319615,0.20261422
0.06775271,0.1087415,0.041429963
0.017336043,0.078960136,0.08650008
0.07708051,0.8079067,0.3533001
0.1276761,0.24456346,0.12387999
0.10915528,0.84214526,0.79878795
0.01604671,0.10126092,0.09213416
0.11516718,0.27801976,0.13924147
0.0525173,0.38852438,0.914499
0.053210482,0.03981713,0.17197387
0.20240514,0.29263657,0.13188891
0.05695126,0.11937656,0.115179084
0.12167323,0.9294281,0.93074405
0.092625745,0.028257143,0.091607556
0.09749051,0.6195869,0.91288054
0.2340272,0.90912586,0.9523051
0.19415869,0.14643367,0.1317458
0.0472839,0.06783021,0.0762851
0.1088161,0.11705973,0.11285053
0.13039878,0.82365423,0.9046335
0.31278282,0.9449311,0.96553457
0.060359925,0.12278303,0.12305963
0.07153645,0.036415614,0.07090527
0.10499994,0.593055,0.9058662
0.05375844,0.13002163,0.20041957
0.039494745,0.05639522,0.11784041
0.065530166,0.04536114,0.23395461
0.041084874,0.10768244,0.12064082
0.12555385,0.12641652,0.088806786
0.07294796,0.06310234,0.12927715
0.79380774,0.9593444,0.95563054
0.14867847,0.09540922,0.1752044
0.018502267,0.09481448,0.08221222
0.77870417,0.959118,0.957296
0.052119154,0.0352802,0.09668281
0.086045876,0.07549857,0.10892283
0.11444686,0.57283723,0.10219374
0.13192523,0.0893812,0.095832355
0.027191188,0.18535586,0.090494916
0.0512921,0.099660136,0.08645079
0.085442185,0.08791776,0.15256263
0.08655247,0.094899885,0.15634863
0.05295716,0.29233196,0.10073315
0.11509176,0.9559779,0.9379598
0.040595863,0.15029009,0.09331627
0.011863362,0.94820935,0.891733
0.09959048,0.03369746,0.104136765
0.057498433,0.905196,0.9495165
0.13621265,0.09046474,0.08516889
0.94354844,0.7768795,0.9524084
0.035697814,0.04079581,0.032281384
0.08614868,0.009246108,0.034837626
0.072898455,0.028798653,0.16731863
0.06340514,0.04152738,0.11956868
0.14529078,0.13913774,0.09864558
0.09081479,0.06983898,0.13902152
0.32348466,0.93995416,0.9533162
0.009412709,0.94728345,0.94176227
0.072147846,0.10528208,0.094951116
0.07169324,0.20370547,0.10540084
0.09844879,0.26280552,0.22381534
0.121641375,0.029660968,0.10468744
0.13939214,0.12837435,0.19700599
0.023919865,0.04407127,0.06781924
0.053579193,0.08149585,0.08103757
0.82943934,0.42554703,0.26377347
0.08952885,0.10968,0.1014422
0.12848382,0.05997648,0.19952756
0.08229423,0.03137521,0.12991343
0.15879129,0.009348914,0.21778294
0.2287456,0.01597907,0.16529687
0.07659001,0.07737227,0.08694942
0.17977001,0.23222014,0.13020733
0.4790106,0.9310584,0.30577347
0.034355447,0.10684492,0.25562114
0.16140726,0.074654765,0.13151233
0.089864,0.20200737,0.36126927
0.17455229,0.15022008,0.15574636
0.16122143,0.8707358,0.03744574
0.3131414,0.2829003,0.052921813
0.04295863,0.93791056,0.27908343
0.6180179,0.16922548,0.2512066
0.20699985,0.1633315,0.1402852
0.06755366,0.07244726,0.13215403
0.04122115,0.034753945,0.13214326
0.13886335,0.94640696,0.9412464
0.11526868,0.11906556,0.166837
0.0774238,0.92999893,0.8321714
0.09653745,0.9296616,0.9362996
0.047843393,0.7146728,0.13168812
0.045047183,0.63943934,0.3940029
0.047207866,0.053351346,0.12323486
0.09581493,0.04333905,0.15032883
0.13288191,0.053723317,0.2321943
0.06694299,0.0068770684,0.031202568
0.19695099,0.06970078,0.08599058
0.09340519,0.08260116,0.2093743
0.21721967,0.2885606,0.13851982
0.29515675,0.25478408,0.13808708
0.027360344,0.5271632,0.25811914
0.04981345,0.93903035,0.9430767
0.03835063,0.54405224,0.2524903
0.01682262,0.9203287,0.26696146
0.057674896,0.03474514,0.11592529
0.05830688,0.049203765,0.16514586
0.10165829,0.06545169,0.047271542
0.14594342,0.9461364,0.9267774
0.06807898,0.5206755,0.8712409
0.058900572,0.043568518,0.09385678
0.060766824,0.03427347,0.10324278
0.124792695,0.030553212,0.10948354
0.037013177,0.019777328,0.08732623
0.09175729,0.046700902,0.061081737
0.044628818,0.92344046,0.0804375
0.05431768,0.064886674,0.14595294
0.010238996,0.9460045,0.9559213
0.0943632,0.7629499,0.10709027
0.075612895,0.9518385,0.9411915
0.13331795,0.93268913,0.9413828
0.04833471,0.013110501,0.1007709
0.049131446,0.032469846,0.103304796
0.05776254,0.0316501,0.21198608
0.10665219,0.48892093,0.65333736
0.072733015,0.070042595,0.110525936
0.13604242,0.4460381,0.92810804
0.17491324,0.9283526,0.9550281
0.011145154,0.1228516,0.09030659
0.087528355,0.16074312,0.09787515
0.19678219,0.3096909,0.11058495
0.24054813,0.26221767,0.13632983
0.09537256,0.074295014,0.14264023
0.085166484,0.12838669,0.10892478
0.13145597,0.9003054,0.9331223
0.06797069,0.06843078,0.11876654
0.20350502,0.34093797,0.11397503
0.06305793,0.049433403,0.14236875
0.93026996,0.018402113,0.63465947
0.08396233,0.12865935,0.09605511
0.057031114,0.055275224,0.32259935
0.08655217,0.083019905,0.21287347
0.07898084,0.052374054,0.07065856
0.02412392,0.53712356,0.21489939
0.0809837,0.05977001,0.11123633
0.07956252,0.5754725,0.13952845
0.07821644,0.08068882,0.10033074
0.08244441,0.08040719,0.13101204
0.056672346,0.8739216,0.04400257
0.06740065,0.026323192,0.14355725
0.20742314,0.67979145,0.09419595
0.46202046,0.24731715,0.10766324
0.024816323,0.08529177,0.17988461
0.12994863,0.09675642,0.11298991
0.05681982,0.01306,0.031606417
0.94786596,0.7949989,0.958797
0.04573872,0.5693175,0.23374477
0.19428849,0.05326871,0.13251474
0.009501617,0.8534196,0.4125403
0.0836017,0.026779452,0.16157418
0.05583655,0.084585436,0.18999541
0.08849195,0.09729808,0.10770909
0.12867609,0.09649262,0.13389981
0.16914102,0.07328741,0.15221213
0.07252064,0.07072124,0.08133679
0.0645858,0.9129391,0.950418
0.81941646,0.43505785,0.4025836
0.039475657,0.013800667,0.08770641
0.12215913,0.66355467,0.9214157
0.106632054,0.5186795,0.399294
0.1486623,0.06621273,0.14000055
0.013691964,0.050752908,0.16209166
0.073255256,0.06728394,0.12068234
0.013024781,0.12634636,0.093792856
0.06581946,0.07928965,0.15382499
0.10472794,0.9484363,0.95338535
0.058454096,0.051837955,0.09769335
0.045200534,0.9211005,0.9398018
0.117579356,0.2352839,0.14239353
0.06741769,0.07502238,0.13169822
0.09541939,0.20122649,0.36026996
0.8297782,0.2425317,0.4342934
0.10569916,0.2229133,0.08387415
0.110797495,0.07513207,0.13128315
0.105280705,0.07664578,0.12044687
0.48779127,0.07508948,0.1272124
0.018549267,0.08594979,0.075628825
0.054902762,0.051751282,0.24941276
0.9466629,0.9237017,0.9666167
0.13607337,0.057583902,0.16511911
0.058932886,0.008630434,0.11907512
0.10450554,0.51952803,0.58552325
0.074304014,0.07464666,0.11891857
0.13549243,0.91197985,0.95013857
0.15463734,0.047088597,0.1765258
0.12654915,0.5228544,0.512139
0.058654882,0.10839144,0.096997954
0.0576249,0.03728601,0.08386321
0.06580237,0.113619335,0.11280032
0.101839416,0.51765835,0.40020642
0.08066364,0.07944468,0.089781776
0.13672,0.07005019,0.10925792
0.14200354,0.92172855,0.90871036
0.15522973,0.097314365,0.34475273
0.10670181,0.09449236,0.100135244
0.06926315,0.023403367,0.06913829
0.1685369,0.05506596,0.117737345
0.8774275,0.91784585,0.936507
0.13196777,0.1239973,0.12358806
0.9451028,0.71186835,0.9533476
0.9442256,0.9432537,0.95969737
0.9475874,0.9407602,0.9593752
0.13570487,0.9219947,0.94832456
0.12094546,0.03674448,0.14844386
0.2019275,0.9253723,0.957424
0.09654577,0.82125723,0.94310236
0.07824589,0.48002496,0.24454576
0.3224399,0.08046246,0.10991982
0.7720043,0.9525125,0.9016053
0.055495728,0.0027272834,0.14221446
0.113857515,0.9337029,0.94982713
0.036815178,0.48087794,0.09121318
0.13423719,0.20206471,0.08481126
0.062464405,0.049045105,0.56909996
0.0930092,0.048802014,0.11236786
0.14501464,0.12171142,0.13756008
0.10215427,0.3914655,0.057517134
0.10039181,0.41141465,0.17437355
0.110580936,0.10932121,0.075116746
0.14246126,0.07527065,0.10274069
0.06557673,0.07018168,0.10640721
0.10115676,0.9395443,0.960625
0.94764173,0.055576622,0.93426913
0.0817063,0.07407178,0.10750639
0.12083893,0.06795807,0.106523946
0.17444743,0.9195819,0.8601345
0.099125646,0.035645314,0.062313978
0.03720427,0.4098696,0.30940717
0.11480195,0.96574545,0.95088905
0.083030604,0.08252332,0.118859135
0.09295405,0.06704329,0.1156104
0.9350321,0.17591019,0.9031248
0.06988505,0.013991643,0.22481024
0.03582349,0.34844753,0.19865993
0.11019799,0.15314843,0.12743461
0.94913316,0.78523445,0.96017826
0.11067555,0.098902166,0.14204481
0.09762901,0.105037116,0.14661638
0.11355943,0.3195314,0.1911894
0.11204399,0.51857895,0.40042213
0.09659825,0.51984864,0.64237773
0.14192705,0.08655175,0.11768791
0.9436224,0.5476681,0.95251024
0.034193054,0.1317344,0.10175358
0.044243842,0.06559921,0.39324275
0.08833165,0.7600939,0.48494747
0.1272301,0.029337125,0.09263366
0.13823079,0.057279076,0.1072815
0.09545005,0.3713157,0.3175778
0.08345434,0.04999373,0.10822684
0.0896509,0.7994863,0.43627688
0.113607466,0.05468066,0.14008765
0.1179078,0.30135632,0.2056771
0.10956134,0.39026627,0.11125239
0.008729199,0.9548593,0.95067567
0.07483107,0.27953815,0.4679657
0.9461524,0.7231739,0.95574486
0.9479316,0.94292516,0.96050525
0.192682,0.9363193,0.9627556
0.94066113,0.5445659,0.95386726
0.012116373,0.800729,0.9471539
0.04790296,0.0195613,0.08930576
0.10054865,0.06350283,0.08356494
0.28486618,0.92856807,0.95843583
0.057063304,0.15549184,0.08423852
0.046386715,0.092468925,0.098948576
0.105758525,0.095040746,0.0956119
0.012165275,0.11344674,0.28770477
0.07208096,0.06903683,0.0802218
0.06281747,0.061970524,0.3137635
0.103529975,0.073346876,0.11576401
0.10030636,0.38746408,0.08677727
0.082417205,0.059900742,0.11975166
0.086538404,0.05141215,0.11326553
0.15321256,0.14983872,0.32399845
0.19830835,0.11327064,0.11647772
0.07038504,0.027712587,0.09932007
0.065296575,0.029801035,0.115126595
0.13895035,0.12933058,0.116383575
0.06997728,0.045892928,0.09381286
0.057481267,0.044251174,0.089231774
0.035760894,0.07314954,0.20120066
0.055506825,0.034458265,0.0824988
0.05319487,0.036948718,0.09495749
0.13560583,0.123713024,0.14991291
0.018556649,0.20536157,0.152951
0.09218429,0.09385297,0.2792104
0.050103247,0.05880159,0.24582952
0.0939779,0.14594653,0.1005983
0.094329596,0.6706596,0.41411933
0.074313104,0.05886062,0.12377078
0.019746305,0.9461888,0.9754867
0.06396395,0.07261334,0.12824029
0.12335889,0.09906598,0.27086887
0.23316239,0.08089151,0.09905347
0.00013648966,0.9374446,0.93918186
0.014362827,0.78738225,0.8784203
0.056019273,0.89618856,0.9976635
0.12531336,0.1273454,0.16345413
0.06068637,0.13813558,0.1174873
0.16804962,0.2732001,0.08976919
0.13636713,0.09644529,0.13150524
0.11915734,0.94694936,0.9351908
0.09502734,0.09477224,0.0724008
0.12173013,0.10303405,0.15210636
0.08352521,0.09279125,0.12306548
0.14767444,0.08467121,0.111196935
0.05277426,0.031996563,0.080433615
0.08997087,0.029505463,0.06732634
0.10529287,0.09650666,0.16905904
0.014865445,0.31094077,0.016878296
0.028494086,0.019500926,0.03862074
0.10879965,0.096132234,0.11596829
0.026973255,0.9323994,0.9598808
0.7990254,0.9550467,0.9518089
0.015785992,0.7898282,0.94504404
0.065995954,0.14596795,0.25202122
0.101329796,0.07627054,0.13003477
0.1722866,0.92468506,0.95030797
0.07984295,0.83427066,0.13966572
0.103273526,0.69477516,0.6539475
0.06120702,0.070632,0.11826049
0.104739204,0.96753883,0.9547577
0.10448256,0.12509798,0.34032598
0.11308432,0.13791914,0.39341325
0.118814364,0.041176792,0.12535058
0.1506607,0.012756977,0.11138564
0.0940944,0.040872123,0.14637941
0.10552507,0.038131,0.15622549
0.24576698,0.16053696,0.46151766
0.07423702,0.063052185,0.10531663
0.94846773,0.94469243,0.9610153
0.44634765,0.90912706,0.39670536
0.94380045,0.6933019,0.95353067
0.9476646,0.71412843,0.9520373
0.017507598,0.8045627,0.94530094
0.083848074,0.062419735,0.10871213
0.026150992,0.210101,0.36611804
0.10539737,0.048948254,0.11990598
0.9459497,0.1407093,0.25601906
0.13929908,0.40517756,0.69378203
0.07397466,0.06155047,0.16811964
0.13936989,0.06831323,0.111347914
0.2840981,0.033187527,0.1491846
0.17867702,0.058193944,0.07723199
0.94886595,0.67443377,0.9594775
0.40989614,0.11894413,0.20601638
0.021478577,0.31675905,0.22365375
0.21107855,0.019316453,0.3178994
0.091739856,0.089128785,0.13280168
0.096688904,0.32067913,0.36842304
0.08340145,0.14092663,0.1690973
0.09583439,0.15152994,0.16281079
0.0454159,0.028534412,0.11696581
0.103644185,0.111644395,0.14457022
0.68724227,0.77078646,0.8363192
0.070946656,0.08503356,0.112241015
0.08659949,0.075669795,0.09764794
0.07288401,0.020676613,0.07984893
0.019260637,0.090241216,0.0775869
0.077147484,0.040289838,0.121450536
0.1774715,0.88636714,0.34251165
0.08515633,0.05067059,0.08456349
0.063740276,0.08355566,0.1277836
0.3856071,0.15748958,0.22615983
0.040705267,0.85194975,0.9408025
0.4961672,0.1668089,0.32938543
0.06834505,0.033831455,0.116726644
0.069247834,0.043527037,0.1318963
0.07972568,0.025816038,0.07460244
0.094367065,0.09227224,0.12695357
0.1582705,0.06164042,0.07144879
0.3740147,0.08042201,0.20449175
0.18289849,0.06880036,0.110106096
0.12721306,0.031925347,0.10212261
0.347899,0.95417625,0.9710234
0.12692973,0.0590648,0.12741728
0.12088821,0.104882374,0.109349445
0.05994717,0.0444159,0.14543076
0.09627703,0.07814219,0.1038114
0.7885547,0.9550694,0.9599996
0.047739442,0.033531718,0.0682942
0.04404035,0.62758386,0.7979163
0.050273333,0.055829663,0.07609838
0.82050896,0.22627588,0.4407775
0.109020196,0.053254426,0.108429596
0.102302894,0.09279859,0.08592985
0.06432051,0.4677907,0.32745612
0.117043644,0.12529764,0.16427301
0.45834398,0.9239707,0.29394057
0.11696043,0.8661422,0.85326225
0.07106316,0.4188743,0.10756112
0.0020018981,0.95958024,0.9492392
0.0106723495,0.3656164,0.1446215
0.9378987,0.6071756,0.96563804
0.05982175,0.109552525,0.08847258
0.15006906,0.12281061,0.1898838
0.068130836,0.45252192,0.23879085
0.29556996,0.9420915,0.9310891
0.07704856,0.045564506,0.081516325
0.07027926,0.93290925,0.9223504
0.10376461,0.124974735,0.14561947
0.18006846,0.1318436,0.09778044
0.034083616,0.06109301,0.078881525
0.12779456,0.93146855,0.9486256
0.010659237,0.06664803,0.05527767
0.12712365,0.035818916,0.1789611
0.11038194,0.10671254,0.1579242
0.06342018,0.024096915,0.046746425
0.14715019,0.02528317,0.08263833
0.13870054,0.11822315,0.09855598
0.1546065,0.06861049,0.11581106
0.080856316,0.05825304,0.08234121
0.097345725,0.1008751,0.088452786
0.19717708,0.019427773,0.109783106
0.07661271,0.045786936,0.045409624
0.06705928,0.051187035,0.11077215
0.023116726,0.044029266,0.124932624
0.06311274,0.052927807,0.09552015
0.040431764,0.41198453,0.93348926
0.17050952,0.069654986,0.22403857
0.06523173,0.19972971,0.1415492
0.08394452,0.08423742,0.12971778
0.08475307,0.077691354,0.114593536
0.06706993,0.044931255,0.09105141
0.034860723,0.09867762,0.09044158
0.050285954,0.053829886,0.23533045
0.057960145,0.029206969,0.18551055
0.03190292,0.60368913,0.83730716
0.9457801,0.66478604,0.9570968
0.0561099,0.054990143,0.16442965
0.23247574,0.13134581,0.45458156
0.9464025,0.764518,0.9534455
0.09135544,0.9502712,0.95464456
0.017746022,0.08242405,0.07709829
0.5172413,0.95326334,0.9620001
0.065758884,0.019585691,0.096948124
0.06120011,0.06059162,0.14703268
0.058993477,0.048913285,0.13058619
0.096841834,0.08549353,0.11667462
0.007118961,0.9296485,0.9531064
0.019668335,0.07714838,0.22543855
0.15897907,0.15858345,0.15847942
0.067879856,0.054071438,0.0836832
0.07103085,0.053711478,0.102174826
0.08877311,0.45878747,0.4335533
0.050667025,0.03612871,0.101800375
0.054594107,0.080587976,0.13819908
0.06669453,0.92232543,0.9594959
0.051330287,0.052528627,0.068973884
0.21477468,0.041638847,0.04457654
0.06717693,0.06339741,0.11055583
0.013064297,0.17810155,0.11162196
0.15808253,0.19659391,0.11883287
0.052693117,0.0738111,0.21196243
0.21811534,0.10006647,0.12936606
0.055604,0.08390353,0.2229532
0.21174426,0.060172867,0.04709956
0.17853588,0.1013034,0.09033853
0.045643196,0.93787134,0.9480166
0.108430125,0.52035433,0.5803854
0.07401519,0.055646304,0.110231794
0.082760885,0.08143807,0.10703841
0.035441943,0.08335905,0.19278969
0.2524476,0.21627758,0.477209
0.09424934,0.0856479,0.12146688
0.15577912,0.029583756,0.08897213
0.034524888,0.061179228,0.112931915
0.012513483,0.107018,0.092425875
0.06069123,0.04063083,0.084673725
0.2160034,0.10244945,0.21731879
0.07354446,0.037467603,0.08659789
0.6235048,0.6045926,0.19191767
0.089486696,0.83731526,0.6567039
0.08979678,0.012569404,0.07118928
0.31423616,0.03996388,0.24780083
0.076798685,0.2660748,0.06614134
0.17840505,0.052995197,0.11701259
0.05225803,0.04907751,0.09958932
0.09470053,0.9164646,0.9490912
0.16187058,0.058089904,0.17158529
0.11879552,0.82235444,0.9452153
0.13921276,0.9292206,0.9477078
0.011013,0.1720989,0.077861965
0.22796185,0.2281579,0.12472213
0.0597373,0.063969575,0.13830104
0.11551994,0.13025229,0.10022406
0.14042129,0.029049002,0.119686
0.94715095,0.68335867,0.9561054
0.8154548,0.66265416,0.27720368
0.9441979,0.69133896,0.9549443
0.12090915,0.2523893,0.20498133
0.06276281,0.0563449,0.13659117
0.075908214,0.531142,0.48190516
0.1380893,0.9465473,0.90463644
0.08329895,0.08113642,0.13024634
0.11217793,0.10400563,0.07933764
0.025714722,0.050308507,0.08458442
0.063928,0.9087406,0.94462955
0.06833091,0.9327736,0.95610315
0.13029847,0.14600916,0.07625809
0.41298068,0.9531671,0.95587456
0.15006852,0.8490867,0.11704818
0.096287884,0.0851968,0.123158686
0.16691363,0.0944949,0.10307533
0.3091067,0.0066270255,0.16243866
0.081417434,0.10364691,0.10861251
0.24124573,0.122058384,0.3103615
0.16921337,0.038129162,0.124221645
0.057048254,0.024885923,0.11799667
0.20653811,0.07500407,0.09235623
0.078493975,0.065822676,0.09421477
0.2025655,0.0055243424,0.123062246
0.034722812,0.112959705,0.1111433
0.045946974,0.032038134,0.16148855
0.078994766,0.06771199,0.10694073
0.10627166,0.08930964,0.07705372
0.05147366,0.9535904,0.9409732
0.0672735,0.067726314,0.113528274
0.10452815,0.07706226,0.0856373
0.06741339,0.07874317,0.0810553
0.07486835,0.9496712,0.8993797
0.086748116,0.06527676,0.11299536
0.09923512,0.06479221,0.17750469
0.18447854,0.37472603,0.39075607
0.012658178,0.028497752,0.12817782
0.90958315,0.9078603,0.95654774
0.16573031,0.93984216,0.9226052
0.19943832,0.9359862,0.9613774
0.15020175,0.9282547,0.9564827
0.11782547,0.22216572,0.14082421
0.047458865,0.3978508,0.111688204
0.065622814,0.091365956,0.14658
0.94528604,0.23740754,0.9463381
0.10097292,0.04405704,0.087217905
0.08501332,0.03605875,0.109406345
0.078280486,0.029272871,0.13488814
0.12588456,0.11515876,0.14899305
0.09680827,0.034500837,0.13798223
0.07947023,0.14243822,0.2514182
0.06847995,0.028805649,0.119512565
0.4086846,0.3858139,0.42754564
0.08688614,0.05544702,0.11679866
0.06454269,0.66799664,0.13316783
0.08601494,0.24014531,0.8788027
0.031091481,0.19751267,0.07989158
0.13107099,0.074163996,0.10072042
0.16004385,0.007087336,0.116209246
0.10158586,0.031873,0.12987673
0.1011286,0.10107104,0.13662502
0.13732931,0.14112559,0.1328467
0.5245702,0.59387285,0.4289285
0.26793745,0.30812782,0.12091841
0.11174124,0.074018426,0.12554507
0.09151564,0.06730532,0.10320049
0.13257475,0.14563654,0.12834555
0.12304229,0.11314635,0.09981244
0.087981045,0.14791724,0.149551
0.07690356,0.055394676,0.10668721
0.072672784,0.09922003,0.109953634
0.08514042,0.073473684,0.10423298
0.00022897361,0.9458971,0.9403101
0.36122918,0.055757683,0.1893198
0.078739405,0.034344304,0.06451389
0.1727256,0.40130582,0.4942855
0.80876076,0.741757,0.5076807
0.25887743,0.9554222,0.93084496
0.8244711,0.95729166,0.959191
0.14060687,0.42967674,0.43467066
0.25928444,0.14136964,0.10796793
0.2728857,0.11201445,0.114140324
0.103416085,0.29900196,0.16925043
0.12843622,0.073301844,0.12367173
0.050450936,0.034837417,0.11371376
0.11171838,0.075560175,0.13650806
0.1216915,0.12251983,0.10631962
0.34119034,0.114209905,0.089823194
0.10017295,0.07807145,0.11933882
0.13974003,0.13894539,0.10769784
0.03422681,0.087165475,0.16849805
0.11512422,0.08366015,0.12540598
0.04193531,0.3798446,0.23691876
0.07804651,0.046971627,0.10646637
0.11374611,0.04016837,0.12245319
0.07408011,0.048879933,0.097281024
0.07852716,0.083059505,0.13899557
0.07833419,0.052641504,0.10202639
0.08354526,0.081469744,0.12919141
0.070965335,0.0824912,0.10674158
0.08582446,0.076120324,0.15508299
0.13006625,0.07499855,0.11788941
0.065819174,0.07474087,0.11010281
0.061572112,0.039988447,0.10327692
0.08733575,0.026644282,0.099352665
0.16322315,0.08963897,0.1277734
0.06317173,0.05961401,0.11792542
0.4876465,0.4494139,0.37226045
0.94654423,0.018125955,0.78151435
0.05331941,0.0510295,0.14673047
0.22704844,0.9377831,0.96804994
0.112929754,0.10826872,0.12879382
0.11066442,0.107620314,0.0781799
0.08756159,0.089954495,0.1275185
0.102796994,0.085708454,0.101170525
0.11593451,0.091957934,0.13489273
0.11097141,0.14947712,0.11575912
0.14401606,0.08349562,0.1250571
0.090725005,0.15770389,0.12707819
0.43787482,0.9650092,0.96564376
0.015137474,0.07726206,0.15238123
0.065762624,0.036406655,0.11075818
0.089006,0.80016863,0.5231772
0.04301009,0.94102293,0.9552824
0.9453543,0.6820716,0.9548232
0.00040822287,0.9634419,0.95099306
0.79795873,0.959968,0.9672394
0.010206738,0.5642545,0.1617982
0.090983205,0.66958755,0.12174856
0.10791175,0.653214,0.18380558
0.03525767,0.04954752,0.090182826
0.14001021,0.0915845,0.10624719
0.14409578,0.09456082,0.09988944
0.017611623,0.08473661,0.108141
0.26108658,0.06529212,0.0798138
0.02805312,0.052573554,0.11316376
0.09228185,0.1748655,0.1286125
0.031784948,0.0069261375,0.07182297
0.067175545,0.111873664,0.1739816
0.18062901,0.076863386,0.3823123
0.04276595,0.3908198,0.4448806
0.087909535,0.7194194,0.10530738
0.36031988,0.93516314,0.9002785
0.5166275,0.5704084,0.44065335
0.12894234,0.043144923,0.16480836
0.08645815,0.024451021,0.1361772
0.11017421,0.027203718,0.15384072
0.059333634,0.07573237,0.1345799
0.08017681,0.936419,0.9401592
0.15196416,0.9457545,0.9408854
0.07947329,0.04363002,0.07796691
0.042967513,0.36707997,0.17010786
0.09326831,0.07414164,0.17113146
0.4345541,0.123083204,0.09768072
0.078028746,0.01339385,0.07921723
0.06711734,0.7269771,0.9346474
0.13809778,0.64142615,0.14692983
0.054040603,0.91498965,0.94848704
0.0747904,0.7928552,0.47252703
0.08083316,0.048894987,0.09848669
0.10134056,0.0854526,0.062415794
0.021652844,0.31056637,0.37029213
0.058915053,0.3669065,0.13514653
0.4118212,0.04188029,0.1489229
0.03579838,0.8912174,0.9537696
0.06760475,0.22935691,0.11457092
0.12671556,0.042093053,0.09037533
4.8137335e-05,0.9510753,0.9500249
0.029294994,0.058803815,0.09758905
0.12939665,0.7349328,0.17064747
0.087737545,0.15958992,0.14851747
0.8577403,0.9511946,0.9482371
0.0402708,0.055246532,0.09208188
0.067937315,0.13669378,0.07215548
0.037893225,0.10161051,0.11231584
0.050505456,0.079155564,0.12695275
0.050977547,0.056180608,0.111731045
0.13635485,0.14432517,0.0841044
0.07671488,0.24545255,0.06253847
0.6971092,0.56167257,0.63843936
0.019429969,0.70102745,0.9227868
0.2323541,0.2489011,0.21451172
0.11566599,0.23788421,0.22617573
0.043834172,0.062230516,0.09920287
0.10408353,0.25865227,0.8172645
0.1395972,0.10228871,0.15201011
0.1338683,0.9257786,0.9324537
0.13438804,0.6207772,0.08689688
0.020478744,0.19095728,0.16668044
0.09715098,0.93066186,0.94214696
0.011688272,0.2819794,0.35104182
0.20262374,0.14951411,0.10173991
0.047825497,0.075761914,0.112603895
0.050875574,0.4324706,0.5095821
0.002895083,0.47032228,0.88616985
0.93384594,0.30696785,0.9467906
0.049898088,0.18049912,0.12486567
0.13350421,0.06988877,0.11576851
0.12163536,0.7128669,0.1841492
0.030218199,0.07875042,0.09507072
0.077387616,0.057716053,0.08143435
0.044155147,0.07883409,0.11149667
0.09848941,0.076126695,0.11618393
0.10684175,0.40686807,0.38935274
0.08347593,0.101690374,0.114988655
0.067477405,0.25788134,0.121306464
0.14329351,0.0914062,0.17135875
0.101692006,0.08857135,0.15583149
0.055262063,0.3108671,0.17070805
0.18908639,0.8401312,0.77057564
0.1134306,0.115512505,0.089428835
0.13710836,0.099895895,0.15069416
0.078591205,0.21019846,0.47036317
0.087442845,0.07223424,0.14150527
0.09629292,0.1280458,0.09941726
0.10376971,0.08258454,0.16213901
0.06301849,0.019075397,0.08108789
0.746661,0.9629192,0.959357
0.06847457,0.17806293,0.08279801
0.10314245,0.088146135,0.0905631
0.21442465,0.076812714,0.06884357
0.05560072,0.028870326,0.09082674
0.052943982,0.023928238,0.041986577
0.068150155,0.358764,0.15699612
0.12723425,0.32506916,0.106921405
0.146665,0.2321836,0.124727964
0.068628095,0.40911153,0.07486373
0.00030068916,0.9575147,0.9437394
0.05036156,0.05801891,0.14699805
0.032006368,0.084664054,0.07421884
0.1029645,0.037158206,0.045558743
0.059734903,0.031239059,0.08390484
0.032693878,0.306572,0.10930545
0.06905078,0.045382783,0.048022464
0.13275489,0.098064534,0.11355454
0.08263589,0.07212573,0.11334097
0.12824184,0.07614167,0.12874681
0.027379131,0.19287221,0.38769472
0.07129858,0.4308587,0.58858734
0.06325486,0.4363683,0.119168684
0.12978677,0.81706065,0.90242976
0.17813621,0.09340338,0.047871754
0.06986925,0.40337828,0.25554797
0.043336067,0.9373579,0.94425964
0.14950944,0.03029866,0.12665239
0.020983916,0.20030662,0.56389844
0.06808513,0.25933304,0.16007063
0.10005938,0.08943817,0.16777633
0.06783754,0.36228535,0.25044647
0.064905405,0.10046862,0.26253992
0.054843612,0.0859527,0.11196697
0.0872531,0.057911042,0.14664842
0.07761883,0.739179,0.49764425
0.083896354,0.06581252,0.11240829
0.4099437,0.952041,0.962881
0.020617945,0.23405631,0.45451117
0.09487017,0.08574245,0.153894
0.15661108,0.922979,0.9429629
0.046635825,0.44732037,0.1406619
0.071945846,0.626993,0.22069925
0.077713996,0.05635476,0.103527404
0.05976218,0.045301437,0.116454124
0.05587836,0.045000512,0.101961255
0.08202347,0.25909892,0.15275738
0.07430205,0.11430199,0.18637323
0.031617835,0.06285549,0.37769
0.062118173,0.07115744,0.10409523
0.058358625,0.11560875,0.1842793
0.06146179,0.17748374,0.18098679
0.026756186,0.09772471,0.10750977
0.028789785,0.09011275,0.08857475
0.030649966,0.07327899,0.07978859
0.07391557,0.06559798,0.12937327
0.034291856,0.039626542,0.07462155
0.032430146,0.10262591,0.11914875
0.08972413,0.111176044,0.08375914
0.705517,0.11236247,0.42702118
0.20172049,0.19431761,0.29004222
0.83983713,0.11653286,0.81522524
0.18672387,0.115047485,0.092380874
0.04334042,0.056912854,0.124989375
0.03476832,0.04350387,0.099179655
0.044694837,0.10544866,0.23960167
0.11903979,0.13577223,0.1037506
0.101736665,0.06795078,0.13163862
0.06715274,0.101326756,0.14923605
0.05200172,0.10694986,0.16130312
0.01112643,0.07803088,0.34568718
0.054102186,0.13524225,0.16572933
0.048476268,0.15552902,0.23001347
0.13713536,0.0805547,0.08251426
0.06694811,0.06028415,0.13303186
0.09341331,0.15012424,0.3084097
0.0001879755,0.9621528,0.94282305
0.021588868,0.0959208,0.2121561
0.07176217,0.1342297,0.13436696
0.07460892,0.32881835,0.12854218
0.108446196,0.05659943,0.08623594
0.034871817,0.04192136,0.078157365
0.045297418,0.038475093,0.07948744
0.10085562,0.07810461,0.11102832
0.11775701,0.07989865,0.09834995
0.02197875,0.028475573,0.08009681
0.10001539,0.045072626,0.092775054
0.09526889,0.12669419,0.10903326
0.076735124,0.2731789,0.14185989
0.10608336,0.108434096,0.114298895
0.10366461,0.22159368,0.11583488
0.098521486,0.048715405,0.13618304
0.019535605,0.022087911,0.07776288
0.039280925,0.091324754,0.10189223
0.089999005,0.18853247,0.12162911
0.08572415,0.89323294,0.042875797
0.45105925,0.6168857,0.38044816
0.07558289,0.122628964,0.26554283
0.062293157,0.06769843,0.094862394
0.04306371,0.065843016,0.106413536
0.0975879,0.111301675,0.14986995
0.10023002,0.09812656,0.1448213
0.08746934,0.09627622,0.1252111
0.069243975,0.060577475,0.10828121
0.06656338,0.06820643,0.13766845
0.1137516,0.11570025,0.15042368
0.08566168,0.084885664,0.15017787
0.06850041,0.03393604,0.17062733
0.21748613,0.088635996,0.12938944
0.018892232,0.24784209,0.13545375
0.07040421,0.012690251,0.037619967
0.054848813,0.0042743427,0.034453224
0.07178733,0.10457049,0.13131028
0.09006081,0.95729744,0.96372616
0.2525864,0.955069,0.9498125
0.11117329,0.29969114,0.14969596
0.13590351,0.07213175,0.21509172
0.14050993,0.07517433,0.29902968
0.05264789,0.9378587,0.9487682
0.15795664,0.060050182,0.17397691
0.07149712,0.94840425,0.92409366
0.30140793,0.9438769,0.953067
0.06817987,0.08201048,0.15257837
0.03238587,0.29946524,0.24597934
0.08742096,0.07092254,0.1813021
0.10263689,0.10362284,0.13436596
0.09192384,0.10113086,0.1795596
0.019887144,0.024074847,0.06804765
0.046389103,0.041410983,0.08203925
0.015045024,0.021288482,0.068877175
0.07647346,0.051447358,0.11057086
0.08718129,0.043814484,0.10482
0.073722705,0.02860654,0.0859297
0.050130866,0.019056924,0.14021245
0.05610791,0.06810898,0.08626426
0.039401557,0.043039866,0.099182524
0.15388629,0.10563163,0.09266646
0.100373395,0.34384933,0.15131766
0.4551932,0.2963512,0.48493358
0.20471336,0.61788934,0.6703283
0.17189299,0.07234332,0.16535397
0.073894195,0.7104485,0.11534165
0.07079554,0.014401951,0.09577652
0.14041229,0.08168507,0.09132507
0.10348037,0.36307776,0.10794033
0.12227191,0.3905907,0.14457212
0.051720146,0.27431267,0.097517595
0.046236943,0.39501894,0.2378807
0.113433294,0.30252638,0.099791475
0.055324618,0.43492737,0.13024816
0.013185692,0.029233737,0.13378279
0.05950895,0.113738805,0.24270716
0.110577404,0.45596874,0.27772403
0.07663289,0.068163484,0.13504918
0.23084433,0.06970438,0.08634299
0.50806624,0.074854456,0.10467019
0.07526878,0.045322664,0.12230717
0.07850812,0.047716618,0.12296513
0.013805715,0.033051204,0.075898014
0.06922307,0.035639852,0.043871798
0.49186078,0.09611709,0.064252034
0.34743866,0.054163456,0.114657715
0.069465436,0.045884717,0.09339154
0.08439769,0.257945,0.12104279
0.06504877,0.049897745,0.1338865
0.05235168,0.09528809,0.09816709
0.9434124,0.56042904,0.9390645
0.9440786,0.64257026,0.9523106
0.94481987,0.7236965,0.9537406
0.94346195,0.54623926,0.95337147
0.94360554,0.7648841,0.94852585
0.9440903,0.70276517,0.9557332
0.9527319,0.7769929,0.96048564
0.9453261,0.5131904,0.94716066
0.9432435,0.61231333,0.9522534
0.9413221,0.62728477,0.95307946
0.94696563,0.6850625,0.9577483
0.9468553,0.6765901,0.9577729
0.94572276,0.54740214,0.9574184
0.94488513,0.74984306,0.9481205
0.047420505,0.8936749,0.9487789
0.094235845,0.27418023,0.803658
0.035725385,0.0127126565,0.18037409
0.05741,0.058557484,0.1806145
0.18403457,0.03279574,0.24192251
0.10782347,0.4051845,0.8785233
0.11877441,0.10194519,0.17812082
0.09365592,0.28300005,0.2841983
0.8412948,0.45589933,0.92840725
0.084742315,0.8505087,0.9382642
0.09634331,0.17122726,0.29906216
0.05149661,0.9213297,0.95022166
0.07236112,0.0049400963,0.07225155
0.077020645,0.025081625,0.23379827
0.10394903,0.8943567,0.9483266
0.15188065,0.74772,0.1369213
0.1400643,0.04321207,0.2619644
0.087275304,0.8862336,0.9527261
0.16701908,0.84381366,0.9271804
0.05725557,0.020247767,0.12279095
0.059725113,0.60249376,0.91879845
0.09287791,0.026732508,0.16069041
0.070787326,0.035468906,0.07422414
0.9486199,0.035767153,0.94047993
0.14338775,0.8775562,0.94954216
0.9385042,0.16637619,0.9282099
0.123062305,0.20649914,0.92253166
0.09805174,0.7348011,0.9211505
0.053784087,0.9009431,0.9460269
0.10773076,0.6007597,0.4319398
0.13932791,0.23220952,0.27040824
0.27423242,0.94304246,0.9593111
0.05110656,0.3544998,0.12120643
0.122701146,0.3826122,0.27823126
0.076709904,0.04881853,0.13812865
0.08265405,0.01835583,0.117162876
0.0668276,0.039390415,0.21026814
