AgonistClass,AntagonistClass,BindingClass
0.017805316,0.44316208,0.724697
0.09715751,0.08270436,0.15255462
0.14270514,0.15304767,0.6829165
0.24307777,0.1099449,0.13556337
0.14648062,0.018282546,0.097825535
0.12645578,0.04003115,0.07373259
0.13428348,0.104080565,0.033545125
0.080352865,0.040499944,0.08484547
0.5366401,0.13089599,0.10957498
0.6092881,0.34152317,0.3891938
0.0970515,0.024782281,0.17342006
0.10821214,0.026858557,0.09539267
0.44236708,0.059972335,0.3488415
0.29346845,0.8258165,0.5867966
0.056667678,0.018923396,0.1370907
0.014745258,0.3499826,0.086615145
0.124205984,0.76760244,0.55401313
0.11481607,0.045840293,0.23307867
0.056620054,0.9255687,0.86048514
0.099577,0.07648841,0.09960798
0.12988207,0.11251257,0.24722351
0.19926876,0.81658167,0.87781113
0.017530674,0.44272396,0.8439244
0.056224108,0.65074885,0.7986609
0.20499682,0.3917833,0.31643334
0.09706701,0.6011769,0.826633
0.007813844,0.08760103,0.25709742
0.14063329,0.19230793,0.16771081
0.007332272,0.109958656,0.22944032
0.70586795,0.35470366,0.75364286
0.1782002,0.44875693,0.62727135
0.90915364,0.6619361,0.9106873
0.021590611,0.83039904,0.9786447
0.106087014,0.059144557,0.14788948
0.401248,0.5513552,0.76389694
0.2762625,0.038458038,0.10752724
0.21267508,0.16093428,0.10300885
0.22814101,0.047248133,0.1960219
0.3809001,0.5929376,0.32154304
0.9974847,0.9398198,0.32546285
0.1382779,0.1126464,0.023702268
0.3948221,0.67964375,0.50319934
0.1350402,0.063130155,0.15370351
0.16292791,0.054648366,0.1315303
0.4624129,0.44338727,0.24264668
0.589549,0.37422967,0.7295216
0.0046334,0.12193901,0.16806224
0.30963153,0.36712173,0.43538442
0.07355008,0.42575923,0.30714092
0.02485782,0.015076913,0.022491429
0.10713489,0.027798265,0.24484663
0.1994577,0.017212551,0.11422781
0.37961733,0.22954749,0.1116584
0.18939987,0.31439084,0.5260081
0.97743785,0.8833467,0.20241258
0.9027036,0.6997978,0.12372629
0.8456264,0.41039607,0.63698655
0.07472376,0.0679076,0.31194875
0.8459883,0.83924246,0.93308586
0.8572426,0.85585964,0.9565424
0.05334584,0.07459717,0.097619876
0.028614143,0.036635816,0.08625274
0.14270549,0.055168148,0.2297647
0.18409999,0.06569178,0.13007225
0.049411707,0.14662123,0.23998398
0.19927876,0.10913701,0.15575407
0.097194925,0.017495953,0.11726058
0.33064064,0.51909846,0.23709375
0.21342856,0.48121023,0.41684082
0.8025397,0.9322573,0.9418163
0.30948156,0.6103685,0.47924563
0.17373887,0.041402105,0.093423426
0.1499112,0.019812915,0.06462878
0.1898811,0.087692425,0.1014344
0.12707758,0.01282002,0.05175852
0.08266664,0.022756219,0.090123735
0.1845954,0.096063145,0.17015961
0.18544795,0.035295337,0.03256888
0.39810026,0.05660773,0.0828789
0.18017967,0.11128753,0.13086185
0.31922823,0.3008929,0.20873722
0.2735757,0.8317293,0.75132334
0.14394699,0.017048465,0.12989302
0.19029175,0.024893714,0.10426559
0.19664653,0.028363116,0.096480995
0.12733053,0.045590132,0.1506925
0.14475848,0.029778453,0.11543256
0.022396205,0.022571547,0.028866066
0.21147595,0.03042266,0.012762408
0.062126983,0.03559933,0.09948002
0.050035555,0.08022619,0.13194533
0.13277109,0.13981424,0.084841594
0.10650378,0.04933389,0.02679823
0.13657667,0.06757362,0.065882586
0.116211355,0.06196449,0.037416413
0.34651056,0.03463871,0.05081559
0.12455756,0.019959724,0.10703304
0.19579475,0.2314748,0.31741914
0.04370471,0.16997333,0.13488202
0.2644001,0.083034,0.19070235
0.5302455,0.74585265,0.6567907
0.13171177,0.05071926,0.085639805
0.36738625,0.36549345,0.49952886
0.4007467,0.091090195,0.7097145
0.10585939,0.017753802,0.0070765223
0.12636654,0.014011793,0.028695326
0.11973663,0.002231339,0.010839911
0.08786371,0.016357368,0.011524406
0.16522601,0.004939555,0.010121903
0.0724456,0.0058636623,0.0026159051
0.08887091,0.013567631,0.05758914
0.23608989,0.94192564,0.086530626
0.25122896,0.9473451,0.64159244
0.08402648,0.025805028,0.048633054
0.20438859,0.029381176,0.23457305
0.1053623,0.010739153,0.03696972
0.11257564,0.033134248,0.076407276
0.18017906,0.014494271,0.046804424
0.11385069,0.008664698,0.059190866
0.6815771,0.68882704,0.8217102
0.20104788,0.03788667,0.6139254
0.004320602,0.9173472,0.86294985
0.23630124,0.76473576,0.24395473
0.1373177,0.006355483,0.059974395
0.0914708,0.008931173,0.084104724
0.09365355,0.014208153,0.043293506
0.20360711,0.01719044,0.04438492
0.066218935,0.0129593415,0.056088455
0.14553346,0.0373431,0.03876259
0.1287236,0.06606277,0.09423119
0.101892665,0.03977649,0.06246195
0.27241197,0.030898685,0.042675007
0.30378422,0.030929212,0.04554991
0.06683047,0.016617425,0.04716434
0.1497858,0.031714275,0.05602179
0.27175567,0.16856384,0.14723831
0.28174385,0.007333382,0.06987971
0.09935269,0.009538126,0.06801191
0.10085244,0.009823443,0.107810356
0.12862194,0.010417577,0.063378386
0.17816037,0.020016817,0.071617
0.2055183,0.026784815,0.0232093
0.103220835,0.044170607,0.022344824
0.13454275,0.033824254,0.028104331
0.9305571,0.13359381,0.8493955
0.1234392,0.01240901,0.099845566
0.5499349,0.1733154,0.24601749
0.14084208,0.09038714,0.18391907
0.1520188,0.022973191,0.07203384
0.11181588,0.006145491,0.05348408
0.14438759,0.0352631,0.035962403
0.15527646,0.0072999815,0.03503951
0.42353386,0.57205236,0.55828774
0.07068224,0.006221195,0.07543384
0.1294745,0.017666172,0.11634089
0.22654079,0.45266283,0.087038495
0.32569137,0.27786073,0.024462398
0.743523,0.70447004,0.8458615
0.35801074,0.045864593,0.1967523
0.46232674,0.1907488,0.25748563
0.41419914,0.27206406,0.15373583
0.7829316,0.0012340694,0.695086
0.12817678,0.009735241,0.06044819
0.5085667,0.0022940952,0.0773824
0.13281144,0.00952553,0.045477398
0.14858517,0.029026804,0.063180424
0.199729,0.026799472,0.032920014
0.09599621,0.0087934695,0.03780287
0.13004313,0.016650887,0.07819934
0.14166766,0.020422395,0.059194554
0.1365445,0.0032014453,0.014211186
0.18037775,0.010613685,0.044875976
0.16656426,0.008683679,0.03973061
0.18169092,0.01475516,0.13481826
0.060068272,0.6123092,0.343206
0.85204667,0.82924646,0.93725455
0.7485687,0.0010471103,0.41293678
0.13977301,0.015206583,0.087229654
0.12918268,0.055515226,0.08617478
0.19475618,0.1775343,0.30723816
0.21307062,0.1576439,0.2054758
0.09913325,0.0028106545,0.05892094
0.20714422,0.047604106,0.12291139
0.12943308,0.003435179,0.028503487
0.21809685,0.011924591,0.06363475
0.06747496,0.022334753,0.09392615
0.17987595,0.011394922,0.048550826
0.06405864,0.014279014,0.088975534
0.17388406,0.09725825,0.093520716
0.8298425,0.46233347,0.5896275
0.10476631,0.15730146,0.14513633
0.09059381,0.0035393236,0.091330945
0.12712799,0.0077926456,0.09377183
0.11997733,0.02535177,0.088311546
0.15373054,0.024707502,0.07729663
0.9018132,0.0022937765,0.88525677
0.076017335,0.00078344886,0.101255976
0.08814441,0.0035420947,0.13297838
0.14840469,0.046267845,0.102256075
0.12609282,0.014584525,0.10298175
0.15437591,0.0015922725,0.0076773893
0.18769915,0.015237032,0.027183905
0.25930294,0.15509269,0.43717545
0.3839632,0.69927865,0.34264365
0.25484663,0.3743337,0.49086684
0.4537287,0.018193716,0.10124112
0.51249677,0.7061685,0.43761027
0.30123067,0.27247623,0.41442743
0.7623531,0.99967945,0.9405966
0.14033166,0.02301802,0.23203333
0.14827612,0.07310823,0.16061203
0.13184758,0.047145918,0.19980843
0.13186212,0.04766339,0.15891618
0.4891457,0.84992373,0.92038107
0.115000404,0.047320817,0.17325109
0.16792125,0.066292234,0.13238616
0.09062085,0.005513437,0.16373788
0.11594794,0.023213295,0.19379613
0.15915473,0.062550634,0.18488155
0.17688724,0.059977606,0.16602953
0.19549552,0.08886769,0.29747608
0.091672696,0.006802101,0.17176542
0.13148515,0.04567402,0.17834415
0.17138676,0.07765698,0.17911808
0.09395758,0.009399265,0.1843478
0.10829455,0.5707473,0.14237602
0.18997607,0.08185831,0.18884085
0.9711221,0.16849087,0.96334875
0.09632457,0.017213922,0.20591702
0.09764695,0.02519778,0.24477458
0.7220149,0.26942512,0.557047
0.52915186,0.5568413,0.8957965
0.55998063,0.6552137,0.8999703
0.08967198,0.002876587,0.113853715
0.28672388,0.15258853,0.29447937
0.3068934,0.13095643,0.14793509
0.2953706,0.21930858,0.28145134
0.0021936574,0.7868395,0.56812495
0.23589846,0.06713063,0.2951573
0.27870378,0.17369784,0.32366472
0.38783017,0.56721073,0.3802206
0.18107937,0.60077536,0.5182625
0.7580201,0.75431573,0.64585257
0.28037608,0.8088127,0.87254477
0.30287287,0.28363243,0.33743215
0.30891684,0.38407347,0.70964855
0.6582392,0.6018538,0.088241875
0.11914052,0.030328387,0.9333438
0.25110483,0.7174064,0.76238585
0.45391887,0.59145355,0.17904708
0.008564523,0.9088276,0.85123795
0.99302554,0.814357,0.12386492
0.9899345,0.89258677,0.18527809
0.19463624,0.88223284,0.9694967
0.49073043,0.8398711,0.78814495
0.3240306,0.027302546,0.10462986
0.018952517,0.12374091,0.10444293
0.25629514,0.08585674,0.06700149
0.16887598,0.89200807,0.84945583
0.25600863,0.13289055,0.56158185
0.15760803,0.039368562,0.084718466
0.53039294,0.072473496,0.3268743
0.85409564,0.07929468,0.48899
0.00073753926,0.8904119,0.5110284
0.80508965,0.5594671,0.698927
0.1654998,0.3543986,0.5569964
0.7839303,0.37805894,0.78755456
0.5609209,0.76168144,0.32159272
0.14066459,0.5628161,0.7363089
0.3847232,0.51675934,0.43139744
0.13597205,0.2251279,0.24446352
0.13461554,0.18267572,0.2514401
0.12813741,0.84076935,0.6177952
0.8118228,0.5643441,0.43347687
0.15245669,0.18576364,0.5229542
0.52628505,0.36038694,0.37139052
0.4027402,0.13029689,0.503747
0.5642759,0.42684403,0.1666411
0.22101648,0.16957572,0.11215083
0.50299484,0.6274646,0.48897222
0.20263062,0.22309667,0.15969601
0.621551,0.07180111,0.06677162
0.14300834,0.37852088,0.100906245
0.6281554,0.86776435,0.46005222
0.19294803,0.06586037,0.0458981
0.7315131,0.7637186,0.48540768
0.2450844,0.18224937,0.16394179
0.17510347,0.15882002,0.5971076
0.5620071,0.025823988,0.07233132
0.6192954,0.9145074,0.9176687
0.22275974,0.10818601,0.17105097
0.014011101,0.28403223,0.3624604
0.034282446,0.08929411,0.13044754
0.41338882,0.24434164,0.89771944
0.20199598,0.7858715,0.7184699
0.6443935,0.7008033,0.7437156
0.18584959,0.87559134,0.21843778
0.010681567,0.087631166,0.085091025
0.12608248,0.9057025,0.8227582
0.5901337,0.29531306,0.5305053
0.018488253,0.70614606,0.9527491
0.17694277,0.009567958,0.39504197
0.0829276,0.89545566,0.93908364
0.0726917,0.028367978,0.66384387
0.112469345,0.15415207,0.15363418
0.5630132,0.05527293,0.22290322
0.041580565,0.12662558,0.15583906
0.103631385,0.10897931,0.1958958
0.10886509,0.07387642,0.20175333
0.04954004,0.19928071,0.19687667
0.11374107,0.079408914,0.02372703
0.08741136,0.12323001,0.20193744
0.0954459,0.1904729,0.13325754
0.25296474,0.021986851,0.019476788
0.0067884265,0.23764254,0.2712093
0.023266148,0.053065218,0.05080692
0.21225132,0.04556324,0.09288163
0.77989775,0.28746367,0.4171951
0.22474627,0.8745779,0.8139445
0.18001355,0.702009,0.6331769
0.04480098,0.6072756,0.5405984
0.061135918,0.03865408,0.043589722
0.043693144,0.38559473,0.652157
0.4892524,0.004440459,0.06163622
0.47702605,0.013432468,0.10980195
0.10276249,0.06889754,0.19591138
0.093949385,0.05226003,0.16233486
0.74006116,0.73491836,0.1317425
0.7376087,0.052875098,0.3049646
0.64847744,0.024373516,0.5353607
0.14378464,0.3197538,0.28602082
0.18035635,0.114006236,0.31119138
0.93415123,0.22184545,0.8554625
0.011906469,0.94750965,0.99917454
0.2906431,0.05008345,0.1880457
0.14370386,0.040071562,0.14970943
0.038721763,0.1546107,0.6811936
0.65144444,0.2993758,0.45594552
0.15598008,0.04030391,0.20529173
0.12800458,0.0051078717,0.0743354
0.102573924,0.11164194,0.2162537
0.5835029,0.346565,0.75583863
0.02856292,0.161164,0.23094271
0.0577763,0.02631281,0.045875914
0.14190838,0.0817117,0.16172071
0.15399891,0.060647648,0.070686676
0.17966963,0.33201063,0.40719128
0.20855877,0.8623527,0.5088966
0.42101264,0.7921263,0.6845794
0.19956982,0.02642227,0.12853508
0.30527326,0.8556105,0.9276175
0.12445586,0.016803095,0.13179448
0.07491991,0.024435245,0.013314238
0.112032115,0.060515106,0.12943795
0.1242926,0.043924518,0.18240958
0.18968356,0.087313704,0.072879456
0.2522451,0.13922052,0.0090507595
0.5321027,0.12956683,0.11892228
0.1327869,0.031667195,0.07517681
0.12466034,0.017256778,0.046575855
0.10404229,0.00453456,0.057643533
0.13594195,0.030107325,0.08728753
0.18753129,0.14405409,0.046346266
0.11063746,0.017487094,0.095347114
0.09071775,0.00577869,0.12510787
0.20344482,0.09602944,0.22834305
0.6041375,0.59792584,0.4750808
0.11207604,0.122589484,0.39199755
0.26208714,0.33210304,0.22548296
0.18461555,0.10887508,0.11553594
0.14218856,0.022502005,0.14708732
0.092352346,0.007838778,0.12554537
0.12318099,0.012709712,0.16613199
0.08076226,0.0038086153,0.11098255
0.11534492,0.016472045,0.19019558
0.12355131,0.15407829,0.31458437
0.18058355,8.5854146e-05,0.00062800455
0.16138686,0.0073619667,0.04975391
0.561222,0.48400375,0.6448018
0.88758874,0.7074601,0.9035565
0.20078582,0.1006771,0.63940215
0.1455337,0.7545877,0.21214996
0.62779766,0.5916919,0.42521355
0.14772844,0.82174695,0.35014516
0.3246511,0.33415356,0.45991042
0.009928006,0.9195259,0.920661
0.009923138,0.92005056,0.87210274
0.12289987,0.32810655,0.23866044
0.838279,0.787463,0.77692497
0.5867844,0.55924076,0.22438243
0.31327617,0.090385355,0.16011214
0.34451634,0.13940366,0.3286225
0.21561636,0.0056196074,0.05967444
0.18842973,0.80450237,0.918986
0.16099785,0.06850987,0.5007187
0.2064562,0.47984242,0.2854392
0.20550442,0.060323242,0.30919006
0.18256919,0.0120483525,0.021782517
0.5931454,0.48660403,0.12208394
0.65842855,0.9446353,0.97956455
0.2352839,0.009375993,0.011137941
0.29914215,0.014385087,0.045746665
0.89582705,0.8100209,0.5500433
0.9242241,0.15960689,0.2936554
0.83644307,0.30901343,0.6914056
0.8138452,0.40863037,0.43600693
0.8423579,0.42731166,0.71474403
0.8459555,0.7727735,0.62497044
0.10175119,0.044006344,0.009787087
0.15892513,0.05400202,0.055712044
0.04184843,0.02331725,0.037296362
0.14520827,0.56881666,0.81536937
0.38692203,0.25686502,0.63936794
0.025913058,0.7199743,0.9689613
0.40415192,0.68528134,0.81875247
0.6346591,0.6964062,0.4975773
0.38103566,0.753862,0.5383413
0.9379529,0.69716126,0.8205148
0.46421063,0.66086257,0.5584079
0.17270912,0.17758037,0.6951669
0.27988893,0.6766549,0.34751323
0.09658361,0.14157277,0.22774252
0.110499285,0.27941155,0.21603242
0.08362866,0.066053145,0.16524158
0.26120198,0.9161936,0.76174015
0.20310043,0.915344,0.803392
0.19061807,0.84789526,0.7599255
0.26643056,0.07196136,0.12566012
0.4349283,0.43935257,0.46871588
0.21698292,0.38543773,0.2781575
0.28874716,0.76720816,0.71767884
0.2015884,0.23935665,0.4398084
0.20489185,0.8720749,0.3078822
0.0013804269,0.88750213,0.9410844
0.09796996,0.6518414,0.9626237
0.052505787,0.71402764,0.9871279
0.08188569,0.30712652,0.17537946
0.10143299,0.0043624584,0.067441106
0.8556412,0.50666124,0.0735107
0.9472771,0.9925823,0.9521549
0.2598709,0.9080422,0.95246446
0.32420814,0.037212826,0.36054727
0.009560397,0.9287673,0.9502206
0.5537081,0.041502997,0.5777985
0.1508554,0.8974574,0.7775635
0.6940603,0.0069270725,0.03438911
0.32852677,0.039080903,0.2839763
0.16344924,0.065395065,0.5291218
0.38113278,0.64854664,0.44089288
0.21537298,0.26038188,0.76848394
0.19037488,0.08427605,0.11970825
0.47769582,0.8749652,0.14786294
0.059832975,0.88433796,0.91055745
0.35067314,0.7093493,0.30192617
0.47040763,0.04632436,0.1931829
0.0765507,0.06497202,0.19529203
0.68496764,0.8417174,0.9285195
0.48390794,0.62657046,0.62102896
0.20121285,0.9170441,0.9412256
0.2169474,0.8696065,0.92180824
0.28201398,0.8519954,0.5495525
0.16325702,0.074323006,0.26106915
0.14643487,0.070649914,0.2682104
0.17892587,0.90188277,0.96616423
0.06747832,0.061783355,0.005467835
0.533227,0.006585166,0.3688506
0.1554393,0.055464204,0.112906694
0.28387907,0.07148053,0.07301347
0.14955682,0.12448766,0.51653355
0.6333103,0.59644496,0.26024038
0.6744747,0.2999976,0.75519514
0.6827035,0.021833153,0.14638989
0.077250645,0.026353028,0.17089383
0.22052929,0.020245444,0.090326004
0.48835924,0.11354556,0.83845073
0.35095048,0.34966725,0.27010742
0.32277188,0.5756096,0.6529802
0.2601449,0.79592055,0.6495641
0.12699524,0.86876094,0.6654537
0.24490713,0.04919922,0.4244877
0.06402915,0.08847702,0.11479062
0.11199383,0.009534712,0.07490025
0.27669156,0.70028204,0.45403278
0.128515,0.12549537,0.7289409
0.79799235,0.90742844,0.8227559
0.031180592,0.06008668,0.13374229
0.41359153,0.001886118,0.093268834
0.71101874,0.52047634,0.8158934
0.19948131,0.11441403,0.12638944
0.6266122,0.5656224,0.73293257
0.11672516,0.025120988,0.07652085
0.1583602,0.0044719363,0.0166997
0.74096024,0.06697029,0.34702736
0.23499945,0.013891891,0.029764477
0.74814695,0.65327775,0.5509991
0.23576337,0.1703834,0.55102473
0.1193627,0.03254323,0.075896524
0.48305202,0.6569919,0.31015924
0.49765477,0.052967157,0.6324297
0.19677974,0.03528483,0.3339949
0.14862029,0.007038969,0.063134104
0.20203695,0.04833229,0.8031741
0.27453834,0.6374884,0.7347963
0.4845755,0.74874604,0.7166056
0.14628638,0.049377482,0.28339034
0.088603675,0.00399529,0.15207174
0.17148866,0.09346359,0.21962094
0.9898796,0.9902749,0.9980373
0.35410947,0.8458209,0.8102449
0.12383654,0.11351463,0.421652
0.9566423,0.70541114,0.8900854
0.9026682,0.7409371,0.5420927
0.09787005,0.108535804,0.33561718
0.39459208,0.022434777,0.0014632347
0.13683525,0.06809383,0.12335555
0.23814383,0.33821744,0.3810706
0.6336337,0.96300495,0.7549837
0.68314314,0.6756531,0.28496397
0.35370913,0.76432955,0.7580927
0.09598656,0.13341647,0.21861216
0.818343,0.7304847,0.8077487
0.21823676,0.5763105,0.35731977
0.23635858,0.061787505,0.15067978
0.2467568,0.058546886,0.228292
0.113442115,0.056497775,0.09097094
0.2694982,0.8811971,0.7434563
0.11927664,0.18170133,0.21164832
0.030956473,0.5247483,0.85829335
0.15414889,0.085953526,0.2322873
0.50114524,0.8478563,0.84989595
0.030573666,0.7051459,0.80820835
0.14836355,0.03716589,0.11360751
0.18622877,0.05601235,0.19696309
0.8236202,0.35318878,0.3362153
0.73917013,0.9598031,0.95106906
0.59590757,0.686682,0.36242142
0.17788674,0.13000141,0.26858824
0.7793529,0.76543194,0.5658026
0.53489876,0.016787993,0.19978212
0.17828949,0.63927895,0.6925954
0.24168701,0.028802915,0.026756538
0.05289688,0.057727747,0.34714836
0.18861817,0.098847896,0.17575611
0.033918887,0.027871588,0.09257425
0.243658,0.068289205,0.8876228
0.28579986,0.5419861,0.6263358
0.6737978,0.05863149,0.41410527
0.5195396,0.8308471,0.9758345
0.28906763,0.5281304,0.75821304
0.16403715,0.104472056,0.19523217
0.18689765,0.11013542,0.37469703
0.4497952,0.6116918,0.27895746
0.14749801,0.50299287,0.029455319
0.6818385,0.84042484,0.9288243
0.02350881,0.11314671,0.6093487
0.18020388,0.10092632,0.25411794
0.12934895,0.0746027,0.20724343
0.29023653,0.33152547,0.5294183
0.034496155,0.88028073,0.9087187
0.13251567,0.11606001,0.31751594
0.04384099,0.0052782036,0.001038684
0.508099,0.95404506,0.949685
0.05379218,0.045991737,0.8248857
0.15473878,0.18536477,0.11573268
0.14077331,0.47153285,0.9979809
0.11002121,0.0144207245,0.09772463
0.10788419,0.016218113,0.09865974
0.042065267,0.046726946,0.028382024
0.5683954,0.20478593,0.4901298
0.25657013,0.76606363,0.5271279
0.08427592,0.94253844,0.82033294
0.1583648,0.14550814,0.38706756
0.270461,0.04055412,0.16340323
0.23358075,0.94763446,0.86499643
0.56049377,0.5903069,0.23406991
0.195108,0.014189698,0.22174035
0.23193215,0.089603625,0.31817245
0.066150434,0.7317863,0.6828484
0.34950897,0.64036304,0.6023006
0.09254377,0.6647072,0.1718303
0.28836122,0.13021615,0.63475966
0.48276034,0.42177403,0.5214572
0.758345,0.32691464,0.12818371
0.33659208,0.71097684,0.49073848
0.6430764,0.12384154,0.4450931
0.93362004,0.5843315,0.28697485
0.080890805,0.043253608,0.017708683
0.6241709,0.07341811,0.37609163
0.6070448,0.084402114,0.39620778
0.6639825,0.07382506,0.33934045
0.47716227,0.095991224,0.38739428
0.14995202,0.08990303,0.08543543
0.34921232,0.12265608,0.30562606
0.48551974,0.87239486,0.74410456
0.2951533,0.07103576,0.13231203
0.23325014,0.2602898,0.5216319
0.23384365,0.33799127,0.78222823
0.12074334,0.8113059,0.8374909
0.3437657,0.03248507,0.1527017
0.72053623,0.56449574,0.33934382
0.113349386,0.012021205,0.14790699
0.7075299,0.675758,0.3545457
0.93130285,0.616109,0.21631211
0.5655723,0.8687747,0.6165654
0.08508402,0.79244184,0.8696414
0.63058025,0.298515,0.47608238
0.5174896,0.24574512,0.6980308
0.47400331,0.6778503,0.4199618
0.03795847,0.0025921033,0.0012804546
0.36413005,0.55016357,0.24857068
0.5023771,0.36533284,0.8354929
0.8300119,0.658508,0.56835353
0.25584772,0.32913744,0.67810816
0.14687142,0.27686596,0.46750298
0.59513795,0.5696264,0.4904514
0.46652332,0.53003067,0.52305776
0.7102495,0.7637437,0.73384684
0.8417482,0.8330803,0.9286381
0.29745552,0.2821848,0.44100448
0.24257058,0.47237995,0.48616433
0.46690896,0.5889388,0.74133754
0.32819942,0.4874673,0.24574368
0.11640159,0.25622547,0.25554323
0.009974681,0.83883464,0.9536975
0.27381492,0.80638987,0.45244598
0.2776594,0.51462954,0.42799607
0.2936083,0.39066395,0.5305104
0.0936302,0.920021,0.8231583
0.5285556,0.73086697,0.5794684
0.21328302,0.9400453,0.38078982
0.36954957,0.73571736,0.22429127
0.36691433,0.5176523,0.48602208
0.49627033,0.3803243,0.093221486
0.61277205,0.9057031,0.91370445
0.04220609,0.65704006,0.88163203
0.47952247,0.09999802,0.5896242
0.13675985,0.72991073,0.77649486
0.13751552,0.12445864,0.37718228
0.21549366,0.03782387,0.1644006
0.22420421,0.015666993,0.36292356
0.5880251,0.033892598,0.62733847
0.20176867,0.89647627,0.7909556
0.08418329,0.008736873,0.52395815
0.21038967,0.18260108,0.35941678
0.09287082,0.21420227,0.15234387
0.3238061,0.4924436,0.3730466
0.044621557,0.35945904,0.18747105
0.3120352,0.22817986,0.51157224
0.1351713,0.078451544,0.053456206
0.41662773,0.8410573,0.53039753
0.600044,0.6845148,0.68962854
0.8641096,0.57587534,0.8220294
0.963427,0.18254332,0.38328746
0.61073816,0.7835247,0.43594334
0.8274856,0.81238514,0.92333585
0.3576172,0.40380454,0.36268824
0.6662368,0.6034896,0.6551515
0.49072188,0.079789504,0.24455471
0.74135077,0.07659133,0.19646715
0.51075536,0.66160196,0.39473715
0.10411746,0.025965799,0.16231194
0.12759325,0.056988314,0.23155932
0.1721217,0.023762042,0.09551134
0.11759455,0.89396954,0.9535117
0.6491316,0.7449281,0.65937334
0.03875018,0.31227767,0.17603846
0.44129655,0.05112659,0.17658128
0.08780482,0.73046625,0.9675213
0.94530755,0.8066921,0.015168734
0.53536457,0.49563092,0.26135
0.036649007,0.70214784,0.9896394
0.12905559,0.566609,0.33745712
0.063222244,0.017311733,0.06685773
0.1599656,0.08281009,0.13462867
0.06458476,0.66955143,0.9543979
0.8722822,0.7292587,0.21715187
0.1418396,0.83724725,0.93980855
0.43412635,0.5418732,0.2679879
0.25666416,0.5304865,0.6196169
0.76660913,0.8762225,0.6505044
0.21799858,0.326529,0.3206017
0.10918093,0.045783076,0.25954723
0.54650676,0.70718473,0.81542486
0.098710015,0.08518635,0.60495806
0.2508796,0.23292266,0.3552754
0.10213807,0.34312376,0.26497036
0.1829638,0.07418281,0.2685408
0.74061435,0.59076744,0.14702666
0.012250908,0.90616447,0.8446991
0.07694395,0.80050355,0.88615817
0.27546096,0.029880065,0.17806156
0.11235212,0.13966115,0.18684462
0.050610647,0.4984546,0.43434578
0.5490777,0.6234959,0.15123615
0.6747711,0.12949298,0.78316873
0.58452016,0.47543892,0.7952834
0.29907522,0.71106297,0.24286085
0.16375001,0.23132497,0.2145033
0.8871038,0.5782032,0.3803208
0.935599,0.7320739,0.6092344
0.15705977,0.28693768,0.8068442
0.3918117,0.8405682,0.9702351
0.9950722,0.99870336,0.02940046
0.21044338,0.04796932,0.06634279
0.11304912,0.40041915,0.63236094
0.26381677,0.04794116,0.9873705
0.29495943,0.030352468,0.392808
0.08331207,0.051621262,0.15081336
0.29107693,0.87540805,0.88535476
0.88495874,0.8649528,0.9795767
0.68185604,0.702337,0.21662337
0.27492344,0.37797707,0.6010536
0.74412626,0.8097858,0.71775484
0.69272083,0.14798188,0.40405902
0.3809588,0.73171633,0.49636286
0.72949815,0.05714979,0.33846262
0.20230809,0.898875,0.86159706
0.44700944,0.794902,0.8296748
0.95151484,0.3068069,0.51325434
0.1310859,0.08080427,0.43468362
0.6020313,0.7197806,0.7847816
0.2673602,0.1639457,0.300018
0.27181765,0.14577632,0.35064876
0.4212677,0.8894993,0.92774713
0.60186297,0.82818484,0.7077483
0.9866029,0.97894055,0.97748154
0.49837062,0.59651965,0.20421794
0.34326917,0.61963946,0.9357368
0.9014037,0.5543935,0.6505065
0.26106998,0.92330337,0.8882565
0.0058656805,0.018068302,0.02427664
0.08653961,0.047074795,0.06533124
0.024294067,0.59168965,0.30870563
0.16559605,0.06681148,0.09961267
0.019739578,0.9068676,0.9308578
0.9904535,0.98859626,0.9203924
0.118320405,0.3376914,0.40972564
0.13192892,0.0784451,0.18380946
0.08372113,0.9006403,0.12885617
0.5726099,0.35568702,0.79471946
0.14840585,0.104088075,0.41676334
0.19668214,0.24861985,0.13029559
0.14228207,0.07938476,0.15747571
0.6916007,0.349002,0.34336525
0.082963504,0.08821535,0.17587504
0.6591789,0.90976685,0.90755737
0.024533805,0.95832753,0.99589205
0.07793283,0.8844727,0.9577779
0.531047,0.6107527,0.7491367
0.34743616,0.27530795,0.11798791
0.25799716,0.09399867,0.7482524
0.079809986,0.35275564,0.583005
0.16904789,0.24217755,0.19059917
0.37216154,0.513567,0.81776845
0.16950072,0.86255145,0.7948313
0.57716495,0.75868976,0.5700624
0.7298661,0.019008894,0.40278432
0.4407682,0.20321622,0.8204162
0.20987254,0.45392385,0.12596042
0.072589934,0.29910412,0.17151177
0.2803045,0.7889303,0.52092457
0.6210819,0.586487,0.7254727
0.36571136,0.9525734,0.9058197
0.0955663,0.3484297,0.6357356
0.08754477,0.5972958,0.42523322
0.3340131,0.5194086,0.56309325
0.23360266,0.38260952,0.6408673
0.80103415,0.8395114,0.6225299
0.20473251,0.9341666,0.20579642
0.21485773,0.84477097,0.97857535
0.36821982,0.16336581,0.68621355
0.5093129,0.80556023,0.7464479
0.9056437,0.9661261,0.9268994
0.7489625,0.7243459,0.7821587
0.046305437,0.1852073,0.9030262
0.16066451,0.12679343,0.120806165
0.40990826,0.91438866,0.95734704
0.5920792,0.9740994,0.9303827
0.13559522,0.25557163,0.3038657
0.09796192,0.021895887,0.08329483
0.73200023,0.9647777,0.9145812
0.14712471,0.14395717,0.19773403
0.09281319,0.093632914,0.19284083
0.2609629,0.5797124,0.76174176
0.17879613,0.30740342,0.5959043
0.71591073,0.63279223,0.20510514
0.167201,0.17953669,0.25443783
0.6191693,0.9089703,0.9280616
0.39441898,0.17037207,0.098164625
0.054039154,0.2827114,0.16551234
0.7682575,0.89071435,0.9473334
0.124960676,0.009277655,0.067073025
0.09218437,0.56626654,0.5195734
0.15773267,0.8169108,0.70934945
0.16205254,0.09675998,0.04430957
0.25943998,0.8105033,0.35103884
0.16410463,0.49787816,0.786129
0.1169525,0.012202188,0.05433547
0.1148322,0.009693277,0.05190168
0.67046237,0.7173027,0.8065452
0.24634792,0.8431988,0.94874686
0.25194067,0.42932022,0.5648209
0.042614747,0.982732,0.8624482
0.28592634,0.05404769,0.57501155
0.41404352,0.8567923,0.8902867
0.553362,0.16154055,0.22243793
0.91866034,0.81194025,0.896341
0.54224974,0.5997263,0.34662652
0.52307284,0.26343682,0.31331366
0.16771281,0.04448275,0.074277125
0.12732093,0.018381108,0.119882494
0.2848921,0.3070239,0.073772736
0.36380133,0.89687616,0.79128075
0.4603812,0.87810606,0.9212363
0.026305238,0.95226586,0.9981792
0.154506,0.87982684,0.47700533
0.2852809,0.90241724,0.5646229
0.095622756,0.900239,0.8720895
0.50530785,0.28145346,0.5017271
0.45484173,0.14456174,0.44215065
0.05564132,0.20159817,0.1151642
0.13917658,0.624256,0.31273794
0.8561638,0.5748744,0.52144843
0.34968698,0.07575715,0.14240244
0.31665254,0.10753043,0.893696
0.1503915,0.9634757,0.17066601
0.9918801,0.17310347,0.003674392
0.9074322,0.21295594,0.2463753
0.40068036,0.15079392,0.12199178
0.31256017,0.25135225,0.2662136
0.9871836,0.92774004,0.5555675
0.043221895,0.7244293,0.984591
0.91463864,0.2793423,0.39446753
0.69924825,0.6154078,0.80226344
0.76351374,0.63239276,0.5279374
0.5926732,0.8190795,0.40031615
0.44162878,0.32747856,0.20821671
0.07921914,0.84145236,0.81955254
0.9284759,0.49219066,0.8640242
0.07590071,0.88492167,0.53139096
0.1678215,0.06953199,0.049371835
0.014710973,0.080598384,0.27049056
0.2461832,0.9797345,0.9810388
0.18094683,0.23259766,0.66148835
0.02500639,0.988787,0.9799846
0.032436594,0.98580533,0.9852657
0.025162958,0.85136145,0.794275
0.7152721,0.6958337,0.6867268
0.23842232,0.18771426,0.69603646
0.13034727,0.09856954,0.44975948
0.18398753,0.37802744,0.64195406
0.42313242,0.061461315,0.2228864
0.36898175,0.116644345,0.43383238
0.14168577,0.036220208,0.26119816
0.5882095,0.4626495,0.23476622
0.53863937,0.56648135,0.2546063
0.060465675,0.5491063,0.70616865
0.08633926,0.815311,0.9678679
0.1005192,0.5971624,0.75518006
0.1357075,0.77346593,0.900318
0.12913106,0.0022796819,0.08479535
0.14550242,0.034818176,0.34050214
0.46376082,0.52191746,0.107591964
0.2555509,0.94029504,0.8526796
0.8658805,0.060571227,0.07456967
0.11836402,0.008819938,0.06816773
0.63392437,0.5357757,0.252622
0.21304852,0.81125164,0.6198712
0.26892856,0.20367815,0.5524313
0.18992315,0.16709334,0.16553041
0.32833275,0.83386916,0.98550147
0.13981944,0.03367323,0.19315585
0.017016158,0.89087963,0.9711549
0.63563836,0.861257,0.3717014
0.040786386,0.86803025,0.9237605
0.31745002,0.93065906,0.8103457
0.3890174,0.52498376,0.62253195
0.16765243,0.13783076,0.66582733
0.10262712,0.3170783,0.6498818
0.354918,0.9761421,0.9380302
0.17301054,0.052208494,0.13510728
0.6853493,0.7019856,0.62749153
0.65080994,0.8121041,0.9384991
0.06103172,0.3435219,0.28808552
0.15697058,0.1954044,0.49070168
0.5315693,0.4536214,0.21947019
0.5456523,0.53092635,0.22783914
0.2029144,0.18387915,0.37977996
0.14821808,0.22064549,0.067317024
0.51455253,0.70436555,0.8390282
0.7772639,0.061787535,0.26873845
0.3683616,0.46824536,0.20405057
0.106511846,0.029019272,0.1984029
0.9422414,0.44664225,0.5069057
0.21365802,0.026997086,0.023992764
0.19018522,0.4370929,0.5013625
0.18647096,0.11464396,0.9011504
0.19929938,0.32348832,0.25032148
0.065524876,0.64424706,0.3872939
0.18940803,0.020056995,0.21637183
0.1622893,0.5459052,0.32609636
0.4294718,0.42623723,0.24555647
0.09243599,0.09796627,0.14798957
0.43554035,0.7783104,0.5135906
0.33176327,0.08862277,0.070898
0.34891722,0.5650091,0.43643367
0.14271641,0.73479944,0.39332193
0.046059087,0.0682719,0.2304899
0.08512286,0.0006958654,0.00010914558
0.15526915,0.24142663,0.49050257
0.86805093,0.8821899,0.86917484
0.121664956,0.79346794,0.7328671
0.6779333,0.34728688,0.28096086
0.005797637,0.7549369,0.875264
0.037025526,0.46326885,0.79807925
0.09436268,0.11199006,0.807021
0.26829222,0.056426086,0.24002658
0.33709025,0.16986094,0.23474522
0.6693849,0.19656657,0.3697634
0.16814502,0.009099024,0.047051005
0.6588712,0.6945751,0.72023374
0.90965825,0.8174941,0.74245167
0.41922465,0.12329281,0.5027417
0.71630687,0.93479776,0.9121754
0.46007857,0.5406096,0.43901008
0.4152976,0.72549427,0.27049592
0.053380966,0.07001405,0.15194993
0.09089012,0.06681566,0.13872212
0.053943872,0.26728982,0.2047886
0.14292559,0.15203229,0.41346672
0.78362054,0.9997037,0.94025403
0.107979335,0.1253572,0.07214102
0.43461308,0.35595527,0.4719562
0.36114448,0.24581768,0.18788213
0.12368725,0.0025119628,0.0042292494
0.5732273,0.5802356,0.7936771
0.9078218,0.35254088,0.66048336
0.21776366,0.5236844,0.23817372
0.8256068,0.6892326,0.8585695
0.20143883,0.06668568,0.18028076
0.61545074,0.09903015,0.2263622
0.023647945,0.21744864,0.10324791
0.62089366,0.51305383,0.3952027
0.9856586,0.63724154,0.8344261
0.8210163,0.7946836,0.3477991
0.3247391,0.6917043,0.6858349
0.33233345,0.5443371,0.60496074
0.31962377,0.038716882,0.13821216
0.22170196,0.8167743,0.9642794
0.3143358,0.15159334,0.35359263
0.5974797,0.53984624,0.42530915
0.29380405,0.2300928,0.42580694
0.06319766,0.07210184,0.05462477
0.24914138,0.006591486,0.10108903
0.3380324,0.5298521,0.4674121
0.13235614,0.4603592,0.6216117
0.655528,0.04376781,0.09798989
0.29294914,0.83295393,0.7788573
0.5780066,0.07021012,0.53166336
0.1803928,0.11747313,0.10977405
0.066440254,0.0266806,0.019480566
0.5654079,0.011328597,0.58759373
0.9537241,0.88199455,0.9084916
0.3020062,0.037347104,0.05226781
0.915563,0.669545,0.9005258
0.97260845,0.7938933,0.92544466
0.9749795,0.7936818,0.92537206
0.31112346,0.90543383,0.976122
0.40734828,0.14816673,0.43729773
0.7906092,0.83256286,0.95156235
0.828057,0.6607858,0.59621507
0.08940333,0.6747184,0.6037158
0.6996933,0.017338514,0.17529765
0.8683726,0.8921885,0.9197337
0.4893838,0.31867877,0.73683393
0.06591642,0.9964328,0.99867463
0.10805296,0.5572202,0.5428702
0.38628682,0.7144302,0.42543012
0.47509247,0.6508629,0.9708171
0.35262877,0.24688287,0.7445808
0.44349205,0.10299407,0.113367096
0.3989019,0.3950478,0.16735674
0.13860668,0.2247324,0.85686797
0.43491971,0.44316912,0.41430306
0.55779415,0.051224098,0.6441584
0.20309551,0.009408983,0.053052433
0.19700338,0.88912463,0.92115057
0.92698103,0.16943677,0.9183614
0.12559435,0.024514414,0.014999129
0.27043343,0.03627256,0.014756754
0.3351519,0.9033542,0.81341475
0.4006674,0.2770383,0.26037946
0.089883655,0.48689768,0.8304842
0.7739038,0.99717426,0.9329709
0.5453105,0.19541892,0.039077174
0.14172658,0.061747387,0.18688808
0.9397399,0.30473372,0.9197795
0.156816,0.13728105,0.5084368
0.030242879,0.5719596,0.6313354
0.08192898,0.16458228,0.6202763
0.9661401,0.7633298,0.89336586
0.2799963,0.20592986,0.15341647
0.303923,0.31067672,0.1610529
0.24612953,0.4901672,0.41839808
0.49725923,0.57114375,0.43217662
0.40491554,0.5700781,0.5711039
0.5693709,0.21510932,0.20127732
0.91743094,0.65259826,0.90127355
0.0143036125,0.3339892,0.08663529
0.20546217,0.33687824,0.65951514
0.2563866,0.80258644,0.5021964
0.11132687,0.41544414,0.7722682
0.24125522,0.42465073,0.28975564
0.1171276,0.57811517,0.62633353
0.13634723,0.048489984,0.04781073
0.31378615,0.8110926,0.5120702
0.2203725,0.056446135,0.0711776
0.5099292,0.6751432,0.8639224
0.17805615,0.32224235,0.081323
0.013120104,0.8995752,0.97222924
0.2806217,0.47231546,0.49983674
0.9039685,0.693783,0.88849074
0.97606575,0.739388,0.9365796
0.3087194,0.899838,0.9560285
0.9270824,0.7301673,0.9357179
0.050095476,0.7449883,0.96505016
0.3409547,0.4020361,0.59040993
0.06902112,0.07701244,0.13039944
0.38051784,0.8235624,0.9749953
0.12384097,0.27331528,0.75869346
0.06155849,0.13466294,0.1066859
0.32681075,0.04651665,0.106222495
0.015197303,0.041176002,0.7262811
0.1324426,0.12661058,0.1325195
0.17100668,0.7931118,0.73363537
0.14157031,0.014944397,0.041920993
0.15062113,0.29991353,0.2559387
0.249904,0.034966152,0.28797844
0.2735612,0.019924607,0.081494905
0.8129714,0.45953998,0.5972065
0.6828845,0.07953049,0.17783745
0.06627865,0.5919714,0.1960567
0.338012,0.3275642,0.5274859
0.31435397,0.08406372,0.24455899
0.1250505,0.05210715,0.1306931
0.09236322,0.010703503,0.026046734
0.067929216,0.16711193,0.29541826
0.5131362,0.58964264,0.4358219
0.00880946,0.030796096,0.028716173
0.17312601,0.011544908,0.04222717
0.0481674,0.6649802,0.26949236
0.17129482,0.07228235,0.37227267
0.115166806,0.91314477,0.6015633
0.16546068,0.7671066,0.46725553
0.077613086,0.7913921,0.85156757
0.117730595,0.016334197,0.08157468
0.040617287,0.8742826,0.99583435
0.20984401,0.16556774,0.25094423
0.28002426,0.31247222,0.65129185
0.5295732,0.14255375,0.6285437
0.0032093513,0.797344,0.8186712
0.079408444,0.9511519,0.8029534
0.49401093,0.71525854,0.9902936
0.42735428,0.43292266,0.2499382
0.07399138,0.09901018,0.18987097
0.4381044,0.033151116,0.3367174
0.43836766,0.0134378215,0.056705102
0.7019016,0.8958835,0.9219829
0.4645321,0.076385364,0.19917728
0.25096348,0.05377791,0.28827533
0.1746655,0.049672488,0.069273256
0.0329716,0.033097476,0.0006214731
0.42381006,0.9337923,0.3142524
0.15927322,0.07613561,0.27754548
0.23116729,0.108439654,0.28698632
0.3122749,0.7459476,0.45429853
0.29050958,0.2719175,0.32309297
0.39571485,0.059029102,0.15357797
0.07709955,0.95485824,0.99596477
0.82583123,0.86585534,0.9054393
0.03444836,0.7349097,0.95437056
0.70933235,0.21051803,0.47626686
0.20592114,0.017450094,0.039509363
0.4448557,0.842581,0.94053245
0.4115716,0.87064195,0.86788696
0.66778713,0.99346983,0.8797504
0.08319696,0.042733137,0.13371938
0.80362874,0.9997063,0.9396916
0.3648066,0.14031021,0.65265024
0.50965214,0.19993426,0.79737586
0.20332927,0.001505322,0.0031556152
0.2077708,0.0008160671,0.0008805899
0.14585854,0.15983993,0.40024957
0.18506734,0.34870675,0.30010697
0.46739537,0.39155197,0.5392651
0.1805371,0.011969502,0.049818676
0.9803858,0.7536706,0.90127325
0.9829616,0.90929663,0.5537841
0.9137089,0.66152227,0.90905434
0.91056705,0.7118558,0.90293777
0.06666509,0.739734,0.9569671
0.14440152,0.0018600967,0.006381249
0.04220387,0.26376456,0.7033873
0.15202764,0.03465003,0.05980105
0.9543039,0.28835696,0.7533002
0.29703927,0.7029462,0.754045
0.04632864,0.045999162,0.16197574
0.8655688,0.087981135,0.25388044
0.85069466,0.21406421,0.16497472
0.2905165,0.37536758,0.17792413
0.9340052,0.6719061,0.9266402
0.8620301,0.48931187,0.5067023
0.085248776,0.8526636,0.90764576
0.80401665,0.18059263,0.13692962
0.25343505,0.10181336,0.1816542
0.2084251,0.60357994,0.28481898
0.11268412,0.9273962,0.8636109
0.030745547,0.0877058,0.13419396
0.21305609,0.05949765,0.21178582
0.1807282,0.018980829,0.04527075
0.8606877,0.8463953,0.97970873
0.09429345,0.104649976,0.131969
0.1793691,0.047343563,0.13397805
0.11759739,0.039696377,0.042168643
0.04560193,0.2442004,0.16500017
0.19711828,0.04949057,0.053008948
0.23027863,0.8863806,0.7410724
0.14408521,0.060790017,0.12563008
0.13149214,0.0404859,0.15557326
0.4584608,0.13236775,0.40959945
0.2847985,0.73138183,0.73820585
0.5207873,0.06263695,0.705595
0.36578867,0.31723407,0.4921829
0.36479855,0.43490404,0.3867811
0.15527329,0.15307182,0.2764017
0.025230221,0.036479242,0.052847147
0.5068329,0.03140566,0.112734884
0.38498187,0.05378571,0.6511109
0.55279,0.57734096,0.5102415
0.07767146,0.03905723,0.13900316
0.65262765,0.97546273,0.9381177
0.072289854,0.006775804,0.0022773978
0.6973889,0.8149912,0.32778385
0.19629125,0.7046625,0.73674554
0.32073185,0.006471309,0.009447742
0.6130708,0.8903937,0.96496236
0.18165913,0.29619402,0.156874
0.018768454,0.799215,0.89622456
0.061920624,0.022544429,0.049813855
0.90123093,0.26591495,0.7097183
0.15819101,0.003712223,0.010826907
0.39642352,0.7777894,0.4580442
0.94155765,0.8239217,0.017798802
0.16562045,0.15012085,0.10960322
0.9899048,0.92061126,0.46437898
0.25344783,0.8509167,0.79387176
0.07020924,0.39578894,0.10797633
0.0050338465,0.8446377,0.83228475
0.03581263,0.69107354,0.8502916
0.98386705,0.6393273,0.96445423
0.0755467,0.088171795,0.10779811
0.50919205,0.83583355,0.61980647
0.064682245,0.44498038,0.94064015
0.62658834,0.80874866,0.9343371
0.20382106,0.10402551,0.15585695
0.021439547,0.841881,0.94483584
0.2124719,0.02933555,0.030940818
0.1730161,0.08800297,0.043367043
0.0620944,0.04641058,0.12222006
0.07682614,0.91522056,0.9559113
0.02711011,0.079143,0.07213648
0.17772578,0.59644127,0.8964911
0.30431613,0.048858922,0.13470213
0.098509796,0.026737727,0.03860087
0.12344228,0.022028001,0.09810316
0.37462917,0.07972842,0.24582629
0.1618582,0.004160987,0.00587532
0.091817856,0.1998054,0.051264286
0.27545798,0.0048365993,0.0129376035
0.15978484,0.0066257445,0.013848597
0.08098212,0.026405945,0.02759276
0.11348493,0.021417053,0.15391912
0.028996244,0.023648238,0.05382317
0.15590248,0.008434425,0.04894529
0.34861463,0.68760663,0.62334156
0.14023626,0.043630097,0.15901352
0.03127774,0.11718164,0.038357645
0.10278771,0.080846146,0.071169354
0.5765851,0.037328336,0.1510838
0.10730227,0.04263623,0.095192604
0.09706077,0.43493125,0.5676227
0.112280294,0.85646045,0.24861264
0.09977956,0.089683905,0.39035526
0.21283683,0.8857161,0.7609238
0.914751,0.65580225,0.9093618
0.07939382,0.698759,0.92779773
0.4769967,0.2505898,0.52465034
0.91056705,0.76671886,0.8886867
0.044192877,0.83290726,0.9675835
0.0479412,0.24233247,0.15568912
0.31500053,0.83346677,0.96851367
0.30768144,0.26376644,0.38631728
0.41084135,0.5789572,0.7289732
0.5333412,0.4004585,0.6482274
0.117463976,0.06626057,0.08585476
0.013406787,0.90369844,0.9030427
0.04583556,0.17806764,0.8216615
0.15201703,0.11539396,0.16773951
0.20305808,0.0026761284,0.008700717
0.19150147,0.028705303,0.09287567
0.7421624,0.728093,0.04183299
0.18545865,0.16987115,0.2578817
0.19980998,0.112695955,0.14886376
0.9586482,0.9691473,0.93134165
0.050173692,0.11213814,0.051992916
0.22425117,0.025416274,0.041040104
0.21073359,0.006551295,0.08730037
0.071640335,0.7322776,0.6771464
0.45958534,0.29508138,0.20536318
0.285995,0.02331097,0.49977264
0.7790011,0.24713814,0.4690979
0.48919544,0.6753095,0.56058747
0.22141097,0.08323554,0.040538292
0.4092602,0.055912353,0.07692966
0.7362038,0.36035618,0.6768502
0.6348586,0.6578832,0.22067414
0.19512084,0.04650643,0.1956877
0.13054186,0.03428095,0.027622778
0.024135746,0.091466844,0.8100961
0.5503623,0.579188,0.30298483
0.16691828,0.07533298,0.08403336
0.16223003,0.021397859,0.112230904
0.07305434,0.09341742,0.15706317
0.071690224,0.38143435,0.49498022
0.12846696,0.7360677,0.80819935
0.84808946,0.7300747,0.5691236
0.6354067,0.30894563,0.36715323
0.88053197,0.85451144,0.049288947
0.2632088,0.6421423,0.722666
0.5905569,0.54496723,0.61438596
0.6963062,0.23464344,0.2779401
0.32622683,0.3667784,0.15562421
0.122570224,0.0051226253,0.010460677
0.18564664,0.0035032835,0.057279333
0.28759012,0.76073456,0.82019055
0.35483316,0.6422125,0.45292678
0.584928,0.7440298,0.70925164
0.61664176,0.84753376,0.9052631
0.04536867,0.44673872,0.28202927
0.47372192,0.39048782,0.26431572
0.14789781,0.047093347,0.19508672
0.32559112,0.046110917,0.030307718
0.34902215,0.005378034,0.011665225
0.93503726,0.676783,0.9245382
0.891047,0.772126,0.64880306
0.92654544,0.6879929,0.9179319
0.183815,0.26397592,0.556051
0.14626525,0.058065265,0.3823171
0.30279943,0.781022,0.4995341
0.7282267,0.8560776,0.90491915
0.3758355,0.035596352,0.06262894
0.2921257,0.29420307,0.102142945
0.098846935,0.22366959,0.27853024
0.60902834,0.66651034,0.60873735
0.48682308,0.91292673,0.85683715
0.721677,0.32599214,0.09865813
0.7885321,0.99138886,0.9025287
0.31379473,0.9393659,0.79128903
0.20849882,0.10454205,0.12866196
0.4673064,0.03216249,0.08966845
0.90731746,0.15082099,0.046087977
0.23785669,0.16012695,0.12872979
0.63379925,0.07112265,0.23449087
0.70390666,0.034568843,0.4650488
0.05190486,0.77276796,0.68002856
0.40117982,0.006854618,0.6003981
0.17391492,0.05636609,0.081743896
0.6552941,0.052552946,0.035009358
0.15496634,0.29591757,0.5549294
0.13854909,0.102576844,0.6854052
0.14203654,0.10410309,0.20250778
0.23341422,0.13396092,0.13198616
0.059422184,0.8961342,0.9142083
0.121454164,0.024229545,0.18288487
0.19116218,0.08291495,0.14453465
0.12930195,0.20087324,0.33657297
0.021980854,0.9951623,0.9883206
0.122802176,0.0014470001,0.019761106
0.32963973,0.1961208,0.28635734
0.8486048,0.7927484,0.7578742
0.024683427,0.008167203,0.10375785
0.96460664,0.7653132,0.9197332
0.22303541,0.88095754,0.873421
0.2541489,0.9111975,0.97172683
0.16336994,0.92002493,0.97392243
0.4461841,0.36426157,0.14207599
0.18130647,0.5159013,0.5213858
0.28287244,0.6373618,0.6935792
0.9926317,0.6468269,0.24780287
0.07955194,0.034766104,0.15651123
0.44378853,0.03212244,0.3169827
0.21049394,0.083494045,0.9125566
0.28747264,0.6113742,0.6959572
0.5351203,0.25501388,0.14183682
0.21463673,0.27968866,0.36528972
0.12343868,0.6112403,0.06504952
0.73321307,0.5304034,0.57553166
0.4431295,0.41486034,0.8573489
0.06871648,0.5548938,0.2576882
0.42512637,0.61166626,0.6595059
0.07881593,0.6590913,0.14182296
0.08503205,0.00016148466,0.00077987235
0.25460076,0.0009371757,0.0004791248
0.11784393,0.0010341032,0.0025631946
0.18752593,0.011426922,0.029065205
0.30718774,0.14196038,0.07136032
0.6283757,0.7603349,0.47506002
0.31978288,0.7011235,0.36612606
0.26058477,0.028960034,0.026917692
0.23975241,0.12408775,0.19511515
0.49739608,0.19342661,0.01090461
0.7047169,0.54443294,0.22098467
0.05861432,0.07588183,0.087503366
0.27705398,0.0196188,0.07282986
0.5384354,0.3437248,0.45556518
0.1623169,0.09743364,0.16241132
0.004361734,0.9054941,0.8474438
0.68351525,0.045471944,0.61962587
0.04233074,0.029087298,0.050582092
0.859502,0.8454874,0.5714918
0.9624905,0.88865924,0.76283276
0.53630006,0.835388,0.76301867
0.83072054,0.879177,0.96444136
0.23719671,0.62386364,0.68967384
0.591195,0.6394051,0.25229752
0.6358169,0.052918803,0.10933769
0.6710066,0.7748879,0.85387707
0.24634752,0.036786646,0.015619094
0.08569952,0.1036137,0.22991851
0.29873866,0.027736329,0.09897923
0.5833022,0.7378522,0.20279008
0.4546056,0.4725258,0.24556893
0.61473656,0.10538547,0.11676849
0.36446252,0.4057605,0.1534186
0.104936145,0.08630151,0.11304878
0.6729216,0.25100785,0.15960364
0.1588597,0.54480547,0.5647701
0.22125913,0.01657833,0.20051502
0.6242047,0.06463341,0.24686666
0.19958949,0.024408309,0.10350443
0.37335643,0.24227,0.26030436
0.21471128,0.041888848,0.11159783
0.57343817,0.8043338,0.8914364
0.13136289,0.9024103,0.6280272
0.6058383,0.8162458,0.887232
0.7068023,0.42455086,0.15351865
0.24140471,0.2274856,0.31004256
0.12014516,0.008612371,0.12370532
0.17717005,0.049237277,0.04992912
0.12588574,0.009435647,0.024676938
0.16332674,0.0061136335,0.048104282
0.58208907,0.5645398,0.46234784
0.9602741,0.20519195,0.5269396
0.3690531,0.25487173,0.39722016
0.33402097,0.89430493,0.96294934
0.34681812,0.015462384,0.049277768
0.24568789,0.0104127005,0.012753634
0.24527393,0.01165923,0.043557145
0.093139954,0.02895513,0.039986104
0.44136915,0.021410028,0.05023895
0.33785677,0.11528321,0.01695772
0.21340658,0.032220885,0.045570686
0.5192281,0.67996347,0.49773
0.60585946,0.8963097,0.9262815
0.023978308,0.49493793,0.90520126
0.39157003,0.613232,0.43704388
0.31967616,0.7057088,0.4603544
0.11020851,0.96380323,0.7285608
0.92929447,0.673829,0.91891223
0.007369299,0.945767,0.908664
0.6886557,0.8958998,0.96862864
0.031920698,0.5687233,0.8449946
0.075363405,0.5701096,0.30110464
0.39259475,0.66857207,0.7581485
0.061559226,0.050458774,0.054207753
0.6688556,0.7011294,0.09492833
0.7144919,0.78130764,0.109243065
0.03637316,0.36207798,0.17473571
0.70812345,0.16790207,0.2576709
0.066678986,0.07531411,0.17265555
0.51988167,0.73404807,0.21130495
0.1575308,0.21419951,0.5458927
0.18976644,0.85048246,0.47145355
0.33556145,0.33472225,0.93927103
0.35755178,0.58580816,0.25737515
0.2581888,0.76816,0.333699
0.50476,0.8417527,0.8232408
0.57451695,0.75862676,0.26197943
0.386558,0.3065094,0.22216465
0.30231184,0.40535563,0.25278652
0.38497016,0.6343469,0.1835081
0.344977,0.07484849,0.4690331
0.8939499,0.9667731,0.9552465
0.3357852,0.98406255,0.99163634
0.19971998,0.017642729,0.09125685
0.1286715,0.8861454,0.97336507
0.16751522,0.11184029,0.16734599
0.57620543,0.30621862,0.5038227
0.26386547,0.14209287,0.32411495
0.44879776,0.7311728,0.7244092
0.9511781,0.9461467,0.6549842
0.8804918,0.69963944,0.83484405
0.2443806,0.7544771,0.5158793
0.1574337,0.043065798,0.15269221
0.25278124,0.084013306,0.14293809
0.041817132,0.44574305,0.8068991
0.062632665,0.294396,0.09850393
0.7942803,0.22309928,0.18985805
0.78265995,0.70170945,0.62203145
0.466386,0.6263596,0.1825603
0.120657325,0.031710416,0.17948599
0.0028845503,0.8787904,0.8260892
0.059897393,0.19862328,0.19562498
0.16738054,0.8749164,0.92961544
0.253288,0.3708952,0.24419607
0.86458236,0.9027421,0.9084897
0.07366039,0.090647586,0.13226534
0.1022411,0.15896152,0.1283613
0.058999904,0.12453108,0.15274528
0.079302706,0.07417878,0.16907331
0.097581595,0.113437414,0.17060088
0.30388838,0.81363815,0.46892506
0.057843443,0.4687566,0.22365431
0.9697665,0.6359202,0.6803824
0.023925396,0.7073064,0.9519353
0.86821765,0.8343263,0.6998415
0.2755262,0.21646932,0.32553962
0.06726106,0.14440224,0.16562319
0.64456254,0.6135181,0.72407067
0.24692805,0.047019746,0.07176092
0.035455037,0.808909,0.9239959
0.3731045,0.7661634,0.2873399
0.02217135,0.24122298,0.25800687
0.21287036,0.91242945,0.96802115
0.006803574,0.65540975,0.9526793
0.20889533,0.168319,0.56116873
0.30872086,0.5336192,0.6563408
0.30545574,0.5545626,0.48913953
0.037659373,0.5477217,0.56733626
0.93549335,0.73372036,0.8859338
0.20200004,0.40673023,0.50212055
0.24446762,0.016226985,0.01253441
0.26731113,0.81298417,0.2604632
0.058931395,0.059811816,0.11367148
0.2276293,0.040976748,0.38817516
0.015068191,0.08378031,0.06589028
0.11322963,0.08084219,0.0972006
0.09368484,0.82576644,0.409246
0.30363217,0.14924619,0.12628496
0.19405164,0.333533,0.30343848
0.35831884,0.17355135,0.080403924
0.34593529,0.07108765,0.17052728
0.48270756,0.60291356,0.47558844
0.73897046,0.92090344,0.8389782
0.3142848,0.15574615,0.17204528
0.69434977,0.5588911,0.3874404
0.65728176,0.48717183,0.3719111
0.08133707,0.058282983,0.054474816
0.045593508,0.15241423,0.07476986
0.27187207,0.107408166,0.19086833
0.073091015,0.031524308,0.04285125
0.7063936,0.9085096,0.89405817
0.07110276,0.37295443,0.44962245
0.263876,0.08522826,0.16952723
0.32324636,0.35054746,0.114243805
0.03957515,0.027217362,0.025678251
0.06630647,0.02371872,0.03732119
0.05516888,0.24076737,0.11436671
0.12804456,0.21317345,0.07908938
0.19114386,0.22622304,0.08881164
0.06560929,0.5872669,0.39913714
0.009523659,0.9014247,0.87551814
0.2523431,0.15891922,0.7053357
0.14087692,0.054965477,0.12608196
0.072241865,0.01931512,0.025136111
0.05221389,0.02446084,0.016535163
0.020323317,0.14349717,0.16291673
0.052675314,0.024185672,0.026263664
0.3513467,0.05281165,0.053992376
0.17683837,0.12357973,0.24259424
0.2311071,0.016936598,0.033846516
0.049505547,0.19607596,0.7455325
0.21346088,0.26137978,0.75634706
0.05293924,0.82135856,0.9384106
0.13206999,0.72802275,0.9303384
0.40647963,0.48534748,0.10820375
0.14981994,0.62549967,0.7630642
0.4000088,0.85776037,0.8675193
0.34261942,0.9039462,0.8759364
0.038403783,0.06079209,0.27173948
0.055780493,0.14564085,0.26390943
0.1797101,0.7383957,0.95551986
0.054442253,0.3578084,0.78380346
0.031696387,0.09088354,0.1587938
0.21728627,0.051166486,0.21474536
0.07800824,0.053367596,0.4026828
0.22991942,0.65103304,0.54270387
0.18361945,0.10614918,0.23855361
0.20536302,0.8672516,0.96998954
0.024745472,0.11128085,0.7398583
0.26144347,0.114331126,0.38813534
0.28393537,0.8554965,0.98056215
0.023475187,0.7001052,0.94605
0.10338956,0.8194046,0.8828205
0.12639387,0.064626895,0.17686552
0.1475031,0.0017674124,0.052837785
0.14507551,0.03377321,0.14688699
0.51186526,0.49370354,0.647886
0.062148266,0.3015751,0.8272311
0.01234684,0.14397961,0.77968735
0.08708396,0.065542065,0.089083344
0.13749026,0.054978125,0.36630526
0.1738328,0.068691365,0.7872368
0.06112847,0.10467131,0.107729375
0.05944921,0.04965679,0.11031467
0.031605646,0.102663785,0.12788835
0.07055114,0.06525164,0.09799659
0.041394606,0.04487194,0.04764234
0.06907048,0.11311368,0.19054541
0.19572185,0.12711206,0.2630566
0.7231235,0.044783503,0.35103396
0.4754426,0.44388595,0.81472594
0.85023195,0.052372836,0.7643202
0.4467568,0.4707895,0.45675763
0.09621405,0.049607825,0.20889616
0.06217158,0.03959358,0.16251288
0.038168017,0.16605449,0.85917467
0.2898559,0.2539353,0.20765373
0.18345009,0.0061170394,0.02470977
0.100786604,0.024687838,0.14725766
0.0639765,0.012621253,0.19208692
0.029122801,0.004986588,0.54981464
0.14494723,0.024942148,0.385404
0.095623314,0.018228656,0.6299485
0.27893078,0.34845155,0.23276742
0.112885594,0.057776283,0.160009
0.10809403,0.53793335,0.80741954
0.0055033886,0.9186046,0.8307811
0.046541955,0.15750839,0.21617681
0.065128066,0.18049222,0.7648575
0.034368902,0.5870158,0.70407337
0.13251495,0.033135798,0.032211542
0.02373324,0.03477891,0.030376364
0.023141956,0.05872366,0.047612797
0.15907738,0.052445985,0.089666136
0.056321766,0.049369313,0.026250139
0.056297265,0.029396795,0.07817486
0.2022457,0.044175368,0.02344757
0.05859003,0.05802312,0.09746921
0.028964095,0.5384674,0.54804426
0.15451713,0.12747626,0.092970274
0.12103023,0.24068004,0.1312814
0.17092204,0.040969826,0.051287703
0.04613425,0.01573056,0.06866567
0.019536212,0.2880125,0.23976488
0.06070955,0.26666644,0.2141335
0.7885228,0.8583037,0.6107914
0.5892761,0.72231066,0.5645982
0.06478866,0.573585,0.5235659
0.18481298,0.22621657,0.25207546
0.036788505,0.06811457,0.06433112
0.08283857,0.03500321,0.08150988
0.12098212,0.023369286,0.024783162
0.14642723,0.077645004,0.035950396
0.08042197,0.0108107915,0.043955427
0.14740542,0.0332895,0.1061876
0.17550169,0.07599221,0.11080148
0.2485135,0.06315515,0.09663097
0.14229694,0.060377665,0.066887684
0.70551294,0.24542618,0.3694251
0.03386654,0.51248693,0.30137253
0.18518953,0.22274739,0.20879124
0.5014141,0.023031283,0.25635508
0.18773754,0.75385684,0.6376938
0.016205464,0.88259023,0.9976694
0.15761435,0.89566046,0.95030487
0.04284689,0.22117326,0.7936781
0.22262117,0.14871915,0.14768708
0.3232691,0.040918726,0.2212719
0.005852912,0.88074553,0.9665854
0.59281415,0.033122357,0.23057345
0.29979408,0.9121058,0.97366875
0.5039515,0.90016204,0.8978305
0.15089494,0.07751238,0.12591487
0.24391694,0.5286753,0.5001344
0.33721203,0.32562584,0.4539712
0.23773827,0.0056481264,0.0059018238
0.30266806,0.0077486704,0.037785508
0.030716052,0.013903222,0.043562397
0.045350384,0.061404154,0.08810419
0.0069886823,0.012773203,0.019828286
0.1738483,0.022274604,0.119811624
0.2402226,0.021750135,0.06144338
0.120886594,0.15379679,0.05446778
0.013290724,0.01598683,0.18510638
0.08975735,0.060457774,0.10347971
0.02937221,0.055143278,0.07502719
0.3156037,0.07000026,0.11995167
0.1089562,0.124767706,0.05693268
0.8212072,0.7956569,0.5897002
0.765312,0.83799064,0.7294334
0.96760154,0.91175073,0.49257943
0.22601394,0.7913141,0.8025333
0.29595342,0.5532389,0.49621594
0.21204641,0.13554896,0.056188762
0.14077762,0.2889443,0.06288363
0.017100124,0.36451834,0.5546084
0.037963025,0.1319232,0.10070833
0.008487714,0.89221245,0.97623116
0.09674573,0.17369139,0.116555005
0.053720932,0.27741036,0.7401717
0.0151459705,0.007628896,0.060129013
0.11749471,0.20208459,0.23599456
0.15104061,0.4612649,0.95995337
0.15795456,0.023182128,0.13950291
0.40162155,0.053991314,0.12118506
0.58137816,0.029594667,0.13038284
0.12751262,0.041701496,0.06897836
0.1567379,0.038669117,0.08028667
0.014955618,0.015512974,0.032075565
0.09037331,0.036382716,0.048066977
0.36071613,0.043857135,0.034186363
0.7428357,0.007308103,0.0756112
0.037858594,0.054748345,0.12019964
0.071483545,0.107979394,0.118182845
0.43051344,0.045936234,0.72294956
0.17179555,0.94952744,0.08606309
0.90086037,0.7244512,0.8739026
0.93400407,0.6607098,0.92277724
0.90199924,0.6950744,0.894857
0.9173356,0.6675438,0.899744
0.9348596,0.7218609,0.89986926
0.91358435,0.67325795,0.90939987
0.9211656,0.77238095,0.91196936
0.9479211,0.90371335,0.91687655
0.9335061,0.6607692,0.91897434
0.91830695,0.63249904,0.9109124
0.9330766,0.6723702,0.9270768
0.9125855,0.6990426,0.91851497
0.92408633,0.6723259,0.91566795
0.9019824,0.6777147,0.88939214
0.21956414,0.7858356,0.80808336
0.6803719,0.7802282,0.625802
0.14132349,0.39592177,0.6715219
0.40695083,0.55743265,0.61374485
0.57325715,0.6498739,0.71375644
0.5544199,0.36265796,0.24658875
0.7137433,0.69593024,0.59749186
0.66311,0.7150721,0.7736857
0.8936801,0.38972726,0.020103835
0.74232084,0.8033549,0.6528165
0.6086413,0.6291922,0.7691762
0.26356405,0.7500722,0.7968269
0.60582906,0.37766773,0.3909253
0.40310055,0.6042402,0.7838806
0.57638144,0.7401332,0.39702597
0.6379537,0.83612084,0.6782196
0.60991675,0.4577187,0.7773869
0.71686476,0.6682767,0.7413989
0.74458134,0.7934136,0.7110563
0.30984917,0.15851928,0.342081
0.53129727,0.8713319,0.6525794
0.8378522,0.78252554,0.43586758
0.29921645,0.73201597,0.7192988
0.944685,0.9101826,0.10836066
0.7786591,0.78220564,0.65044427
0.92340976,0.7798834,0.1440546
0.78114176,0.59440684,0.6757624
0.6883693,0.62925035,0.68742585
0.4598841,0.73643655,0.68082047
0.91298586,0.87907255,0.0002956638
0.8718242,0.76201206,0.68008953
0.9150393,0.9376109,0.70695263
0.34955716,0.4586905,0.4296593
0.7133424,0.69374764,0.80830806
0.40696087,0.4169406,0.69187576
0.34902048,0.57909346,0.73922974
0.30244917,0.5646573,0.50387627
