AgonistClass,AntagonistClass,BindingClass
0.01662437,0.0074183387,0.007906229
0.016915549,0.0037222516,0.0015350797
0.018341267,0.0047147498,0.0029673087
0.02152296,0.0010020398,0.0015728313
0.017884525,0.00017811838,0.00015503188
0.017050583,0.00021724739,0.00032254902
0.0171203,0.00040211843,0.00054384355
0.017056314,0.00043717542,0.00056262733
0.017999496,0.0004215379,0.00065579446
0.18753928,0.014711153,0.013576804
0.021850167,0.00022328476,0.0003563484
0.016994452,0.0003683176,0.0004318871
0.018933566,0.0018149017,0.0011111551
0.05577778,0.076814346,0.029732926
0.019070331,0.00061281567,0.0010121645
0.021086534,0.00085604703,0.0005487993
0.018164052,0.02570124,0.0110000335
0.019483881,0.00062837545,0.00035387266
0.01661403,0.0031307796,0.0012865902
0.020671496,0.00017871465,0.00026832495
0.016744107,0.00055571477,0.0011148279
0.021100273,0.0060205306,0.0026492241
0.017413357,0.024670007,0.023277896
0.023673644,0.048912276,0.009172664
0.02156347,0.060887173,0.01916475
0.01989281,0.0022167682,0.0011795386
0.018836245,0.00244977,0.0022646443
0.02042752,0.0006847826,0.00043782598
0.016801985,0.0004991269,0.00042288765
0.026561132,0.01002566,0.011135777
0.05651961,0.013664102,0.0064797914
0.9408769,0.0949302,0.9992367
0.016974214,0.009275745,0.0018353454
0.01684553,0.00014457274,0.00014094758
0.06553114,0.002369918,0.0022279192
0.022850867,0.0007685515,0.00054433645
0.024567664,0.00028408912,0.00044322878
0.02052081,0.0032651934,0.002784977
0.017650101,0.008660833,0.004085892
0.03257607,0.14476612,0.0075916513
0.017523114,0.0007030536,0.00042060108
0.027374236,0.02705713,0.014314703
0.019694358,8.0655074e-05,0.00024696052
0.02161957,0.0002756129,0.00076194643
0.06321201,0.0009949034,0.0017859675
0.11549766,0.0034678336,0.0029482266
0.016618032,0.00021982884,0.0007826926
0.023345761,0.00065895705,0.00038303845
0.020955978,0.0005718698,0.0008531952
0.016691988,0.00014048227,0.00016280671
0.016655501,0.00030427953,0.00023203639
0.017712407,0.00027190795,0.00022753877
0.020355863,0.00031828342,0.0001889936
0.054768976,0.0104270335,0.008844358
0.036255863,0.021525616,0.01218478
0.08324784,0.012975821,0.0067673083
0.08580573,0.008924424,0.033800717
0.0191578,0.0013775267,0.00095509615
0.033743456,0.04008301,0.011734935
0.062846966,0.29181266,0.1382472
0.019301811,0.000612018,0.0002887862
0.01686512,0.0002157249,0.00028422134
0.021168645,0.0015464763,0.0012453094
0.021790693,0.00018645283,0.00016894762
0.018726416,0.00089688506,0.0007891611
0.02484185,0.00030829103,0.00040760188
0.017747143,0.00021350571,0.00033749646
0.044666473,0.0014172791,0.00072983396
0.0496342,0.000843074,0.0014577778
0.074083015,0.9902514,0.9908947
0.035726197,0.006788601,0.0047120517
0.018057596,0.00012703492,0.000103637954
0.0167927,0.00015795503,0.00020707615
0.017673224,0.00014388854,0.00018121737
0.016713494,0.00023630811,0.00032866292
0.016491678,0.00044316606,0.00017143515
0.018119145,0.0004700679,0.000359171
0.017456923,0.0012899418,0.000521145
0.017515719,0.00031259644,0.00056563865
0.025739117,0.00021502176,0.0006449377
0.04287578,0.0013210324,0.00186598
0.06841543,0.99363106,0.99674124
0.017684644,0.00063109817,0.0004004307
0.017287957,0.00045740858,0.0003560652
0.017647067,0.0007387467,0.0003130104
0.016940098,0.00017253651,0.0001846523
0.020107975,7.7463315e-05,7.315794e-05
0.016649911,0.000274728,0.00023515444
0.018089551,0.0003174991,0.0002202119
0.016860122,0.0008132135,0.0006180436
0.017012926,0.0007632607,0.00091534684
0.017052341,0.00028366176,0.00024846333
0.018132467,0.00075208856,0.00083489687
0.016996428,0.00020810204,0.00019963014
0.01723356,0.00035475715,0.00028974868
0.01856953,0.00031237182,0.0007260349
0.018098747,0.00036370326,0.0002826384
0.019282483,0.00037025948,0.00052178546
0.017100267,0.0006967726,0.00041537674
0.018645044,0.00035714442,0.0002498852
0.1418049,0.9880604,0.99294114
0.017130243,0.0005673449,0.00069285755
0.029279178,0.0037585155,0.0043588667
0.03848777,0.0014748507,0.001493175
0.017060928,0.00028229528,0.00015721904
0.017409328,0.00052235153,0.0008827813
0.01715174,0.0002956692,0.00045443285
0.01696793,0.00031742494,0.00025058925
0.017996615,0.00026925444,0.00043201432
0.016985135,0.0002820034,0.00018277639
0.016916966,0.00014856497,9.020741e-05
0.018209523,0.0028648325,0.00067321263
0.021445034,0.0010635965,0.00063257775
0.017006684,8.624909e-05,5.7515907e-05
0.019018967,0.00027321975,0.00020397021
0.01666447,0.00035552552,0.00020789419
0.017183335,0.0002671153,0.00020586446
0.016843675,0.00011860812,0.000106525324
0.016793612,0.0001810331,0.00011733471
0.08953968,0.20787558,0.022744488
0.038306467,0.00056779257,0.00093029655
0.03546791,0.98959726,0.9930441
0.024476307,0.00084035104,0.0031697238
0.017065886,0.00030769498,0.0002568171
0.016781406,0.00017761705,0.00015032195
0.016623348,7.3897594e-05,5.5585635e-05
0.016962547,0.0001526402,0.000185138
0.016519086,0.00016481585,0.00011099947
0.01711304,0.000394846,0.00015621977
0.01692544,0.00019539244,0.00014243729
0.016715303,0.00068094523,0.0002535779
0.01714462,0.0011694413,0.00046266755
0.01748028,0.00020655693,0.00012024478
0.016514014,0.00029116348,0.00038161047
0.016939694,0.00049578777,0.00017399233
0.01720635,0.00092247984,0.0009914029
0.019796148,0.0004679726,0.0006493123
0.016876357,0.0002699765,0.00019500028
0.017180936,0.00024286835,0.00014353046
0.017188828,0.0001691667,0.00018823
0.0172665,0.00021492504,0.00038984814
0.017054059,0.00045861816,0.000456292
0.016884722,0.0003604091,0.00044255814
0.017020464,0.0001651695,0.00013595528
0.03393198,0.00084583275,0.0048561613
0.01699913,0.00012199939,0.00013048157
0.051716473,0.00041431648,0.0013373602
0.017075503,0.00056608446,0.00021514318
0.017308464,0.0001822404,0.00011165479
0.016797857,0.00030436972,0.00017174079
0.017299244,0.0011127833,0.00082539674
0.016837912,0.00035406806,0.00021995588
0.044607043,0.04215288,0.02120568
0.016889457,0.00033578713,0.00023507889
0.01731419,0.00031512522,0.0002992304
0.019442525,0.000277541,0.00037015538
0.017939879,0.00047235392,0.0003025067
0.25829658,0.012023392,0.0112934075
0.019335635,0.00024313154,0.00021499083
0.039735712,0.00094605837,0.0014171805
0.060265094,0.00052078057,0.0014261248
0.028706586,0.0005648007,0.0007381144
0.017367858,0.0003464471,0.00025737376
0.018145382,0.00018498483,0.00013946269
0.01688834,0.0001675332,0.00021277694
0.017529279,0.00038592395,0.00038104193
0.017450774,0.00055823755,0.0007146751
0.016684672,0.0003845534,0.0005620608
0.017200544,0.00021962813,0.00022216518
0.017326137,0.00013272213,0.00014237374
0.016846778,0.00010708098,0.00011390734
0.017239328,0.00011311535,0.00017416246
0.016871508,9.759072e-05,0.000114157214
0.01751947,0.00038440424,0.00032209608
0.018029073,0.0029217517,0.0024242164
0.057853855,0.9981324,0.9964772
0.025882894,0.0002784692,0.00021963776
0.020466795,0.00014762786,0.0001940227
0.018140368,0.0001257997,0.00015880603
0.02886171,0.0004279899,0.00071796647
0.021409774,0.00014527501,0.00027031417
0.018297102,0.00023144267,0.00035721628
0.01741344,0.00056853855,0.00034142684
0.016925454,0.0005438806,0.0002982671
0.017830541,0.0006031435,0.00046400112
0.0167787,0.00046429582,0.00035930407
0.01804875,0.00047923258,0.00044013234
0.017211253,0.0002531472,0.00020235371
0.019019242,0.00011391701,0.00019252613
0.14924897,0.0015028979,0.031461056
0.01740472,0.00072620786,0.0006428546
0.020344285,0.00013039028,0.00028441107
0.020276533,0.00022545137,0.0002913859
0.019114455,0.00017095362,0.00018130448
0.018979058,0.00018969498,0.00017603907
0.045552857,0.0009563778,0.0011619466
0.018446239,0.0004016087,0.00046799294
0.02026978,0.00020596792,0.00046881184
0.018037016,0.00025902953,0.00024192678
0.018395826,0.00019541796,0.00013738385
0.017749263,0.0002640024,0.0001271138
0.01708415,0.00034287217,0.00040019065
0.018526139,0.0005305796,0.0005063815
0.020975593,0.0067786155,0.0016847012
0.030650645,0.008873371,0.0020526326
0.0208591,0.00019494489,0.00028350658
0.021421688,0.017124351,0.009440048
0.044693917,0.000282101,0.00031093849
0.026098661,0.99134654,0.9902458
0.022681266,0.00032866478,0.0002594448
0.01976438,0.00016065317,9.720064e-05
0.021491023,0.0010268595,0.00042337124
0.021639684,0.00015382486,0.00019298267
0.026589071,0.01631856,0.008284803
0.021576267,0.00021664132,0.00028897016
0.021149812,0.0004222117,0.0003108869
0.021527799,0.00038585847,0.00050378725
0.021167336,0.00037425882,0.0004133634
0.020120528,0.00031230424,0.0002246872
0.01969913,0.0002677847,0.00019556037
0.02430604,0.00032850253,0.0005152993
0.023421407,0.0006416047,0.0006463083
0.019201804,0.00014743753,0.00018879495
0.021094518,0.00014994432,0.00021505785
0.024587732,0.0012153728,0.00082537543
0.02429378,0.0019683365,0.0019710588
0.023183618,0.00080527517,0.00040262533
0.7252121,0.00078156526,0.97676146
0.028977416,0.0015132171,0.0012075233
0.034262132,0.002339764,0.0013837287
0.09425748,0.0012651809,0.00869029
0.13742977,0.0038300303,0.023894118
0.13894074,0.005313871,0.019360108
0.020865733,0.0005871752,0.00042801336
0.02647705,0.0012295914,0.0007165106
0.018065508,0.00023146892,0.0004940505
0.032835018,0.0039740815,0.0056251176
0.06602469,0.99295104,0.9954183
0.055043124,0.0047430545,0.0011286024
0.049304225,0.0077841263,0.006680483
0.07341487,0.0077662705,0.0036332326
0.032337148,0.052107364,0.025256937
0.10565848,0.3873945,0.02517138
0.022972329,0.0040339353,0.005278719
0.021385841,0.0010965483,0.0006202367
0.118935384,0.023819879,0.0132116275
0.23370606,0.001910587,0.0042800005
0.017649168,0.0003474006,0.00029075486
0.025458079,0.06783118,0.019597117
0.066299416,0.00066421396,0.00046087138
0.059964504,0.99094206,0.9939149
0.03670247,0.023092577,0.026363656
0.029588263,0.10026772,0.0167645
0.023241406,0.9982418,0.99421036
0.08142461,0.9960108,0.99695146
0.02084198,0.0006863895,0.00053579867
0.02090643,0.0008192281,0.00066569785
0.017703,0.00034670133,0.00013848815
0.018783834,0.0065490925,0.0062984885
0.043040268,0.0021267838,0.0038990781
0.017479355,0.000616094,0.00042250444
0.019321598,0.0009770571,0.0006963132
0.02058049,0.00043534994,0.0003274953
0.03441821,0.99770576,0.9969055
0.194036,0.014465523,0.09216613
0.07435875,0.017772796,0.018074598
0.021261388,0.007924446,0.0029723041
0.051493417,0.005671658,0.0048987023
0.024040572,0.622813,0.041955024
0.017905459,0.20033112,0.091056876
0.074161425,0.0008225576,0.0012378973
0.089928605,0.0011844418,0.0016654164
0.018304538,0.028128125,0.00832079
0.059842564,0.016074447,0.004751496
0.060260046,0.002912825,0.0024146882
0.09154677,0.01479323,0.010339193
0.036687024,0.0024216957,0.005362917
0.018631838,0.0029676713,0.0009944557
0.017737662,0.0007133625,0.0007793758
0.058504857,0.0061257356,0.0031660723
0.019598784,0.0014260339,0.0010430292
0.017610533,0.00037188941,0.0003044327
0.017353639,0.030258594,0.019992728
0.053936552,0.07872798,0.033237524
0.017626924,0.00047150394,0.00015254869
0.07678106,0.0038547614,0.0075466335
0.020305708,0.00034442492,0.00029414555
0.11743974,0.0014803672,0.002104945
0.017343502,0.0002636216,0.00016660988
0.05722588,0.99617994,0.9953047
0.0181712,0.004466728,0.009089155
0.01754927,0.006710293,0.0018591346
0.017178906,0.00051521586,0.00030174397
0.1822443,0.0020461953,0.020979162
0.043684915,0.3145815,0.014041495
0.12981494,0.024022084,0.012316079
0.018352479,0.9893162,0.9943784
0.016761214,0.008295838,0.006134219
0.042345587,0.88674206,0.6855303
0.04893518,0.0003180423,0.00023201935
0.018890087,0.004620731,0.0037301094
0.019858913,0.0011395226,0.001021345
0.020809298,0.9976229,0.9976617
0.019536728,0.00737157,0.005339033
0.0189468,0.0055476013,0.0012882014
0.023382196,0.00047713335,0.00032537844
0.01829516,0.00027433224,0.00080266775
0.030287355,0.00047095705,0.000992501
0.047138892,0.00022009372,0.00074279093
0.019749098,0.001303569,0.00087043253
0.016842766,0.0005768891,0.0004442878
0.016765537,0.0005604858,0.0006133977
0.017581364,0.00037137125,0.0007047743
0.017441774,0.000955026,0.0006256701
0.016775396,0.0020985033,0.0046452754
0.017183231,0.019869227,0.013343604
0.017322216,0.0006750472,0.0008402434
0.03444159,0.053022433,0.028113576
0.04662124,0.50913596,0.03525392
0.029739764,0.13402185,0.006019495
0.065541215,0.039513048,0.031232221
0.016974032,0.0021905098,0.00069812755
0.018475931,0.014021506,0.008893591
0.020280734,0.0007618324,0.0009168412
0.018290708,0.0016894604,0.0022999188
0.018154768,0.00024929646,0.0003808077
0.016762141,0.00014552777,0.00010874571
0.034125242,0.005639793,0.005493011
0.027100345,0.0021931077,0.0021751358
0.020091977,0.0016251513,0.0020004495
0.020872416,0.003937806,0.0021483114
0.018136347,0.0014558634,0.0013017054
0.0667445,0.0012850582,0.011336397
0.01775287,0.9969207,0.997497
0.024399804,0.0004910869,0.00048018026
0.016835118,0.00093011005,0.0008120838
0.017382406,0.0010929274,0.0005342443
0.023025382,0.0042955293,0.006877225
0.016577188,0.00019634115,0.00017613074
0.016402764,0.00017601575,0.00020312422
0.01950262,0.00086909824,0.0012492976
0.11580515,0.002235978,0.0027299994
0.0184649,0.0011820344,0.0013718036
0.017294267,0.00032238362,0.00021208829
0.018788448,0.0008401909,0.00071453344
0.020452738,0.0003672522,0.00020083328
0.11388385,0.0045355717,0.0032279892
0.0619153,0.7755163,0.5340492
0.04002279,0.0105711315,0.015960462
0.020518089,0.0002359326,0.00022497316
0.041272562,0.006146752,0.0047575384
0.017229192,0.00024704626,0.00035012086
0.018999182,0.00088303274,0.00059739087
0.01883751,0.0003289742,0.00042822782
0.021637674,0.0007220133,0.00054201164
0.019630473,0.00014938033,0.00029565676
0.018542156,0.0008291257,0.00039137766
0.017664177,0.00046496105,0.00046844417
0.019034792,0.00046252817,0.00040205495
0.017194726,0.00016874075,0.00010269266
0.01687097,0.00027260336,0.0003240714
0.017179262,0.00014296101,0.00012372542
0.017795803,0.00031278605,0.00023362404
0.016680408,0.00013668479,0.00015584231
0.019819178,0.0001870367,0.00019257938
0.027852066,0.0007643284,0.00059828063
0.21586347,0.0048013832,0.008077595
0.026141873,0.0008837575,0.0020627917
0.0224975,0.002185198,0.0009455875
0.02440572,0.00020467486,0.0006959242
0.022010507,0.00029437334,0.00029784458
0.020206757,0.00025674756,0.0003213909
0.020990683,0.000414468,0.000439312
0.020687256,0.0003010325,0.00033921574
0.021316633,0.00026728577,0.00044027227
0.022391189,0.005276962,0.0014426406
0.016997797,0.0003665679,0.0002081975
0.01730308,0.00016314254,0.00014802763
0.02483839,0.0015883937,0.0018934392
0.93381584,0.005235801,0.9972078
0.059696842,0.004712911,0.0019643258
0.017382057,0.013362922,0.0015884686
0.16927856,0.01383109,0.007937022
0.026321536,0.1682794,0.018875016
0.037797373,0.0007495753,0.0011531722
0.06720403,0.99685526,0.9971396
0.110228926,0.99468416,0.9949693
0.03794196,0.0008618527,0.00080541143
0.18567392,0.03886601,0.036496174
0.018586554,0.0039217877,0.0009921532
0.021139855,0.00076174387,0.00077014824
0.18405986,0.00088201615,0.002579585
0.01771117,0.00025221054,0.00021765624
0.030608037,0.9913121,0.99311465
0.030380791,0.00054827356,0.0013432321
0.028491164,0.0021015252,0.0016327796
0.037747536,0.0009045303,0.0017030531
0.017252775,0.000700074,0.00048352702
0.13730203,0.010683743,0.0093394555
0.025581434,0.9960055,0.997017
0.017555669,0.0003339177,0.0001918622
0.016863253,0.0001925276,0.0002185815
0.46300572,0.012860709,0.0060332045
0.061436728,0.00045201762,0.0021155423
0.022574108,0.0010684925,0.0006999319
0.12248688,0.01047948,0.0036181116
0.033863205,0.0077911457,0.00663506
0.073201254,0.05721491,0.015174476
0.016904283,0.0010389695,0.0005898738
0.024141148,0.007226477,0.0016049127
0.02132121,0.004295144,0.0011524601
0.027982479,0.013768157,0.002532312
0.063276514,0.03925003,0.014625116
0.02141067,0.10380822,0.04841935
0.17254288,0.0866123,0.043902956
0.25440586,0.01349592,0.007308467
0.072354026,0.99020165,0.9924952
0.4036267,0.9965222,0.99705195
0.07802791,0.0075147087,0.0037678543
0.020729147,0.002108671,0.0016656218
0.01822996,0.00884922,0.0023466127
0.017993476,0.0024149318,0.0015849349
0.019197816,0.0019161444,0.0026499878
0.05153519,0.00045787255,0.00047464634
0.023690475,0.9921038,0.9938444
0.02490656,0.98750764,0.9917651
0.021226663,0.02258098,0.0059710396
0.021581264,0.0010401575,0.00086552935
0.046524957,0.04255919,0.021918671
0.035139453,0.014725861,0.008736547
0.05928719,0.006491049,0.003846353
0.045565628,0.002769348,0.0012234255
0.018982084,0.004439182,0.0010851409
0.055967085,0.9967919,0.9974596
0.018320117,0.0054639936,0.0034101931
0.018454066,0.06935119,0.024176734
0.04900857,0.0034950068,0.001353524
0.017510615,0.0002246508,0.0002464783
0.18845451,0.015566561,0.0218624
0.020976175,0.9935364,0.99494725
0.019362208,0.6956955,0.4183286
0.019351479,0.0033353802,0.0025587024
0.030128403,0.99409145,0.9950237
0.25738275,0.008938098,0.017022818
0.04275375,0.85781175,0.03170039
0.029731497,0.0005896439,0.00094291195
0.017302722,0.00021697952,0.00022471204
0.017129673,0.0011128591,0.0004754848
0.09402752,0.04123603,0.027703807
0.018383654,0.042134516,0.0148230195
0.017644001,0.0009432197,0.0006094371
0.05386778,0.06293497,0.011872007
0.018237596,0.9895627,0.99206585
0.018934358,0.0038719373,0.004464714
0.021685772,0.00011559295,0.00027317498
0.017006062,0.0002020618,0.0005302272
0.02421803,0.9857985,0.99019974
0.0731627,0.0140477605,0.0071692313
0.022700254,0.009545012,0.0051022554
0.028587162,0.98620623,0.99025893
0.065304086,0.89472264,0.04435048
0.026227526,0.0004169078,0.00067379227
0.028063372,0.0010624131,0.00063228694
0.019046877,0.14338228,0.019947993
0.016977143,0.0007596094,0.0003064782
0.12234741,0.008407275,0.018923746
0.01879472,0.00010818781,0.00022465765
0.017618135,0.00063001615,0.00029014368
0.019952329,0.0038711135,0.0009791628
0.032098684,0.0065122982,0.0047386307
0.03543027,0.00027279393,0.0005795153
0.023671864,0.0006665695,0.0010723401
0.017080313,0.0009808826,0.0004197007
0.01879695,0.00052395044,0.00036305096
0.15174693,0.0032139216,0.009591448
0.035918094,0.0027039072,0.0021806746
0.093578175,0.032562457,0.013375338
0.048985716,0.9932715,0.9937987
0.017674962,0.002437346,0.0020815341
0.020806966,0.0011246733,0.001172841
0.018039245,0.000117057454,0.00017429204
0.017290995,0.00017996896,0.00013895257
0.017666735,0.0006541942,0.0005550732
0.02248657,0.0029815019,0.0026178192
0.02659931,0.98214436,0.98783946
0.019134335,0.00042363186,0.00015299166
0.020722173,0.0004249589,0.0005274927
0.74081534,0.3121373,0.9933863
0.028806776,0.0004971263,0.0007226411
0.2786478,0.0011988111,0.009995582
0.01668673,0.0001734128,0.0002383846
0.017188933,0.00031321368,0.00035544604
0.020912409,0.00037382913,0.00029759933
0.01663297,0.0002576991,0.00019121077
0.058768235,0.012281597,0.008145625
0.054436944,0.0019868133,0.0010002704
0.016935153,0.00016568517,0.00019184884
0.13089068,0.0018702435,0.0055489433
0.10531145,0.0011894687,0.004948338
0.03108207,0.0005785068,0.0008242009
0.018265387,0.00011043581,0.0001504803
0.046230596,0.0011759525,0.0020968246
0.058747005,0.021952221,0.0043608663
0.065251015,0.040465493,0.023090156
0.031168688,0.00071845244,0.0010680463
0.021561861,0.00019517513,0.00029652452
0.021540413,0.00025515867,0.00021700766
0.03617603,0.97954935,0.98670864
0.09599612,0.0896898,0.03315951
0.0404454,0.0009992522,0.0007605913
0.8488577,0.055711873,0.08429397
0.6964808,0.028688602,0.037533082
0.020707702,0.0005807384,0.00042238666
0.020578241,0.0006141988,0.00080415106
0.01743045,0.00012214757,8.961856e-05
0.050642364,0.0016535926,0.002372412
0.021821529,0.9763331,0.98286647
0.049804013,0.0021820415,0.000930931
0.0965187,0.9940654,0.9941519
0.02084633,0.001273927,0.00075953995
0.08754813,0.021308213,0.016055295
0.025464237,0.010103273,0.008639206
0.02310566,0.0007188048,0.00048633906
0.018261103,0.0007357092,0.0004729108
0.017613415,0.00094456144,0.0005174118
0.051077828,0.9901141,0.99442935
0.018222768,0.0017038097,0.0010209777
0.017641166,0.0076693287,0.0041413005
0.021948673,0.019837536,0.012710357
0.16273768,0.04394603,0.018976385
0.017529296,0.0066257697,0.004883554
0.017733317,0.000143877,0.0002443933
0.01879413,0.00020623775,0.0001500367
0.023401637,0.0025793284,0.0012909946
0.024485502,0.032340452,0.031709086
0.06034428,0.055988014,0.018900575
0.064876564,0.005349443,0.0017771933
0.1266755,0.008853542,0.002778625
0.01763141,0.0007190329,0.0006356785
0.0169219,0.006123414,0.004873498
0.018139208,0.00027531062,0.00025978388
0.01756722,0.00022465423,0.00037702298
0.018744584,0.0007296326,0.0002624882
0.018619372,0.000295337,0.00053300377
0.10671755,0.0024219954,0.00943809
0.06913304,0.037563365,0.011635401
0.020396288,0.00036071226,0.00027914386
0.041417144,0.98534065,0.9909787
0.030494299,0.012629664,0.009077476
0.017742332,0.01473681,0.004511488
0.054199975,0.27948052,0.014287513
0.024344422,0.012717781,0.0064750505
0.017463041,0.0014971073,0.0008865462
0.033365764,0.025397258,0.022308623
0.017829714,0.0046875766,0.003618502
0.030400831,0.00058083114,0.00048816626
0.02363591,0.00030078294,0.0005906665
0.12209241,0.06551641,0.039088007
0.019163778,0.99016166,0.99386793
0.01856179,0.00018424164,0.00034132483
0.017043928,0.00042584416,0.00030930378
0.029122924,0.9954829,0.9940258
0.02829875,0.0022833094,0.00060157524
0.017283354,0.0021738778,0.0009349429
0.019230194,0.0014496137,0.00035505864
0.016994093,0.00014192873,0.00013906564
0.017124472,0.00013568332,0.00011033044
0.017665014,0.0025004619,0.0014927591
0.058596537,0.002124401,0.0054744827
0.22403328,0.28819156,0.015824301
0.054524906,0.050180048,0.022023475
0.03762166,0.0024452528,0.0008299446
0.020734785,0.0002189839,0.00011320652
0.025084669,0.98916584,0.9926997
0.01888357,0.006741221,0.0015650548
0.017226502,0.00042846057,0.00021712108
0.05095612,0.02403409,0.003646531
0.029469864,0.03049183,0.01882008
0.018166404,0.0009805228,0.00077700574
0.034746777,0.013221566,0.0070842225
0.09698391,0.007403554,0.0036050845
0.022031117,0.0017490825,0.0024293708
0.038968455,0.0011642178,0.0020158994
0.049484685,0.0064594555,0.005217623
0.022047758,0.006023867,0.005920171
0.1380576,0.11519425,0.07643323
0.016817227,0.0010107008,0.0006207556
0.020020373,0.00048318837,0.0006904036
0.023433618,0.00081122294,0.0008186233
0.022658924,0.0014906276,0.0023895726
0.024507847,0.0005407623,0.0007287272
0.020152027,0.000570176,0.00095785136
0.020508647,0.0067855567,0.0045472295
0.065988034,0.945625,0.028036159
0.017308382,0.0004160786,0.0005574466
0.017576538,0.033072792,0.016463209
0.078140415,0.09091614,0.015611199
0.017767072,0.01600983,0.011225417
0.018233063,0.0011071828,0.0030723277
0.13348882,0.0031360416,0.0045796125
0.032629162,0.0004340672,0.0007774101
0.071341716,0.05241989,0.035416115
0.16295788,0.9862601,0.99158716
0.0688997,0.46805677,0.0161431
0.02766548,0.040413298,0.018378621
0.18060194,0.019592619,0.013104307
0.04267039,0.0297244,0.026552012
0.021940477,0.002351816,0.0022586756
0.017211381,0.00056006154,0.00038912523
0.042225312,0.0051183407,0.0008389897
0.022157826,0.003456193,0.0062865587
0.044105165,0.009029739,0.010459483
0.021991337,0.0056920135,0.003938534
0.048163805,0.0006945967,0.0017674294
0.117207184,0.00789375,0.009127793
0.06677272,0.016163416,0.0031898378
0.18309148,0.9981059,0.9983581
0.031937256,0.03873243,0.007994406
0.083684355,0.0008340107,0.0009990847
0.09599809,0.002048582,0.0038509527
0.14343028,0.037307207,0.012097292
0.01834198,0.0016614911,0.0008100125
0.01704662,0.01031914,0.0025447926
0.019298432,0.99625176,0.99573815
0.12097143,0.021170426,0.0097345
0.09800724,0.00629665,0.0019460771
0.02260994,0.019304827,0.01079021
0.06156772,0.057356987,0.026929693
0.19132736,0.08128963,0.031741478
0.01840636,0.0012459228,0.0010189061
0.039168835,0.031840764,0.009980319
0.07202606,0.033409815,0.016614627
0.10581805,0.1755558,0.030354029
0.060273048,0.9838378,0.9922881
0.017650796,0.27874124,0.15079232
0.022254815,0.0011589333,0.0015495126
0.05604447,0.0017705517,0.003575884
0.018730618,0.0027299202,0.0020890664
0.016969107,0.00081185903,0.0007240022
0.018496782,0.0032869095,0.00076237344
0.021436362,0.0018301542,0.0019899607
0.016912922,0.039560705,0.009448287
0.047003,0.003966465,0.0026645318
0.019047357,0.0007626122,0.0005020519
0.01738169,0.0029495403,0.00094962865
0.08402601,0.0029321287,0.008376979
0.07075611,0.0013056272,0.0030206968
0.05067205,0.007876949,0.0030273024
0.017152922,0.006048121,0.0004936765
0.031388685,0.261733,0.012706003
0.08554725,0.98814046,0.99264127
0.06512512,0.025436284,0.020352067
0.68977416,0.99831045,0.9985103
0.19344309,0.001709456,0.005656477
0.0242779,0.015978446,0.0078993095
0.06885475,0.0012845792,0.0014507261
0.1412963,0.033161655,0.010202373
0.029925276,0.0015418425,0.0018041442
0.020345071,0.0011734399,0.00076377176
0.08345454,0.0428559,0.025975218
0.020389453,0.0013764362,0.00073001237
0.016800975,0.00022551761,0.00025932657
0.017257158,0.0003245395,0.00024892358
0.021006037,0.9904655,0.9939267
0.2445137,0.8306133,0.04128148
0.04558189,0.015892046,0.008386665
0.01735855,0.00016696882,0.00011571304
0.034286596,0.06795597,0.054568384
0.14533049,0.009593228,0.008417008
0.057055376,0.0024136684,0.001669901
0.020775892,0.97169095,0.97904223
0.15964998,0.032019336,0.020740964
0.017157834,0.0025293676,0.0011398363
0.023041122,0.00019330217,0.00011810601
0.018065479,0.0028367552,0.002178562
0.61699003,0.03080851,0.04003836
0.029607667,0.072465405,0.035628505
0.07028367,0.008184522,0.0060183425
0.12308822,0.021812059,0.017068734
0.01781505,0.001493482,0.00072603073
0.019832492,0.012577781,0.0061681997
0.020794075,0.0024586562,0.0014231841
0.07143612,0.034543015,0.014759695
0.022076856,0.0016188888,0.0027090516
0.06393231,0.0013209066,0.00286285
0.06934709,0.0023013449,0.0034254997
0.05193743,0.0006481533,0.00015456723
0.11521859,0.015746212,0.00716269
0.020175735,0.08349228,0.022648243
0.023692349,0.011937881,0.01606806
0.022312379,0.0007295878,0.0015854933
0.017281864,0.0038545944,0.00090308447
0.017198812,0.01586035,0.0016175461
0.084296584,0.014645952,0.017681006
0.090574995,0.0089216065,0.0019985533
0.10187741,0.012528015,0.019804949
0.0384546,0.0010651306,0.0010768187
0.017848086,0.0017328761,0.0009888951
0.07467982,0.990721,0.99316347
0.13984245,0.9946531,0.9953885
0.037552577,0.01181021,0.012874815
0.019972572,0.7231671,0.03867729
0.74844587,0.6079957,0.9946538
0.016723111,0.0033735633,0.001083996
0.018486394,0.0031926243,0.0016728042
0.019164827,0.00074248627,0.00028498817
0.10156731,0.00029198715,0.0006357369
0.049671892,7.751482e-05,0.00039838112
0.019123057,0.1911388,0.0056321877
0.08117283,0.989589,0.987211
0.044677634,0.0039317827,0.0033175128
0.085768744,0.0031189525,0.0013666019
0.031472784,0.2390611,0.01684444
0.023630671,0.00010674608,0.00010549765
0.1289569,0.22466548,0.09201525
0.019639358,0.00030939816,0.0009090945
0.050209496,0.67162305,0.78706986
0.10503909,0.99131787,0.99385756
0.16091275,0.0010903365,0.01124586
0.018009244,0.00064037705,0.000529234
0.12434054,0.9964964,0.9963319
0.030017506,0.0028338945,0.002609043
0.032642283,0.002264335,0.0025524015
0.04352543,0.2568784,0.01210303
0.034029827,0.0013795878,0.0009952983
0.032081824,0.13259682,0.0476696
0.061822034,0.002191472,0.0026205708
0.10823138,0.706076,0.32697192
0.91049814,0.0028805893,0.99222374
0.017288944,0.046575543,0.022502586
0.017150398,0.0016402227,0.0019657398
0.017135752,0.0027985787,0.0008102758
0.019514207,0.011404907,0.003867897
0.017579049,0.0014992666,0.00052679254
0.027649345,0.9975936,0.9972078
0.021352246,0.99744153,0.9973189
0.05104235,0.016469812,0.0146111455
0.018870741,0.00010436599,0.00014023948
0.01729224,0.0010199735,0.00047205843
0.13039799,0.0019317479,0.005385883
0.03404345,0.0038685547,0.004261042
0.019881666,0.017899599,0.0071380027
0.017830718,0.00010543439,0.00018397743
0.03666324,0.0023864077,0.005431851
0.017254151,0.0008091111,0.00075084646
0.03319429,0.05981688,0.04236043
0.029438548,0.9876173,0.9907934
0.020692725,0.99556774,0.9961356
0.057014238,0.00086993544,0.002116212
0.02137224,0.04911874,0.020640051
0.056708567,0.083412714,0.029776324
0.020422796,0.0012338115,0.00042890417
0.022824386,0.0018163164,0.0012512315
0.09423583,0.024273127,0.004694057
0.022545954,0.0012849383,0.0019338451
0.036631923,0.00292838,0.001839854
0.01942849,0.00030780997,0.00026525382
0.044221107,0.01083868,0.004829222
0.017267423,0.0066846996,0.0045042303
0.04677325,0.0050500315,0.00365631
0.058704287,0.03340137,0.012760365
0.14339818,0.07293172,0.034596145
0.023270894,0.004041203,0.0020562538
0.09712602,0.006341241,0.007659243
0.017451175,0.011174231,0.0037432753
0.08904474,0.06327692,0.023515562
0.041334994,0.0055393134,0.0036901033
0.04313251,0.07005533,0.030211443
0.01805599,0.0038464225,0.0013141412
0.017850436,0.980435,0.98779315
0.068699926,0.008941558,0.0076862467
0.17065363,0.07285009,0.032467667
0.023985326,0.11356155,0.038071685
0.050325163,0.04794761,0.01932612
0.017571062,0.007912392,0.0027982646
0.017854592,0.0012179961,0.0010668809
0.022886261,0.0063598873,0.0019070548
0.041487683,0.17625317,0.05001972
0.039057277,0.0012192932,0.000940252
0.019276801,0.00042645354,0.00035987486
0.0321642,0.052008655,0.029197045
0.018011095,0.00026070344,0.00058057625
0.034295235,0.0004324216,0.0003387583
0.039319694,0.019626636,0.0129213305
0.094178855,0.014116739,0.007392891
0.032594293,0.0011485126,0.001900495
0.02710567,0.00060064544,0.0005399485
0.08283072,0.99366415,0.9962618
0.019755196,0.0013040985,0.00073746545
0.045640286,0.0017740568,0.0029868148
0.674176,0.9954646,0.99843246
0.017542737,0.00014590139,0.0001658399
0.01823859,0.0018578256,0.000686969
0.019261321,0.07494181,0.036311615
0.01744734,0.00048805645,0.00036365766
0.098221645,0.009641367,0.0019324779
0.14457996,0.023295242,0.0077509736
0.0171438,0.00031697436,0.00026929576
0.01734733,0.00042676585,0.00042883263
0.1001036,0.69108146,0.039511472
0.030350031,0.99569523,0.99636453
0.108613364,0.011242016,0.0069873524
0.045523778,0.9806013,0.9875466
0.049532175,0.00032355246,0.0004946857
0.12216327,0.994713,0.99503255
0.043999884,0.0006463283,0.0010538127
0.91216415,0.9920556,0.9963852
0.018439623,0.041313708,0.013568377
0.024385653,0.0098766135,0.007675922
0.017454378,0.0035593687,0.0028531053
0.017194096,0.00016223133,0.0002458718
0.029568003,0.0014374801,0.001983947
0.034376968,0.0010204382,0.0019334686
0.028864168,0.99667954,0.9949745
0.017355632,0.9954775,0.99583083
0.018375585,0.0032142394,0.0021666
0.021128329,0.007772924,0.002006585
0.020118615,0.021583496,0.007907976
0.024457654,0.026617898,0.010428224
0.22747287,0.0011700089,0.0029713616
0.01756917,0.0022811736,0.0029392708
0.018426469,0.038822126,0.009218929
0.111271575,0.0056645283,0.0026093097
0.030893331,0.00041895977,0.00089497707
0.20064858,0.0018402333,0.021696215
0.017028932,0.00048278624,0.00035022816
0.08240495,0.0013654928,0.0019952338
0.039043937,0.00025064492,0.000440651
0.018385502,0.00040227253,0.00016528295
0.040016465,0.00094091694,0.0016714717
0.028229266,0.22540358,0.010162268
0.019919315,0.018024508,0.0158969
0.023737289,0.0016530093,0.0008408521
0.1396763,0.051926572,0.016678281
0.018181413,0.0034610066,0.0014681771
0.05210901,0.1073342,0.039054807
0.028435571,0.009065754,0.0076790825
0.0428792,0.43646947,0.020798624
0.20350583,0.013338941,0.0190094
0.017332861,0.020118186,0.010384845
0.016871406,0.00060417707,0.00045703244
0.020079885,0.020451577,0.017141502
0.021578724,0.9940996,0.99059135
0.018650502,0.0452578,0.032622594
0.016813325,0.10932149,0.06762338
0.017037857,0.9877845,0.9941368
0.02823171,0.15762529,0.005926859
0.17525269,0.08560052,0.044298258
0.1501122,0.0019259965,0.004026366
0.020520244,0.0014767578,0.0012391225
0.021276744,0.010626065,0.0041585853
0.0236347,0.004105318,0.0039720624
0.018440995,0.00024965443,0.0002836131
0.02442968,0.000462829,0.0008536022
0.03781196,0.001346833,0.0016026916
0.05367609,0.0012761998,0.001285257
0.04232403,0.021091584,0.0053599114
0.018298283,0.99778324,0.9971969
0.045448367,0.019185996,0.001323231
0.03380764,0.686827,0.023935229
0.018091943,0.0002103228,0.0002496868
0.032189786,0.0007626601,0.001050598
0.019786833,0.00039005297,0.00050629413
0.034535643,0.9922735,0.9929091
0.10426722,0.022515228,0.023750562
0.018370215,0.00074485154,0.0008991778
0.10039039,0.0018178463,0.0013108697
0.026599329,0.022942195,0.011510634
0.043178525,0.001749224,0.00025733918
0.026271006,0.0031479,0.0025179223
0.020572416,0.025499558,0.0109502515
0.022712026,0.010733623,0.0043533305
0.028057508,0.9948421,0.9954261
0.02728427,0.010157406,0.0042960984
0.01817301,0.98719805,0.98994803
0.09487571,0.99752766,0.99775034
0.05606117,0.06449693,0.011657944
0.017723959,0.0020814112,0.0017784932
0.038060136,0.006464093,0.005238111
0.033850912,0.016651465,0.018270846
0.019504169,0.00018878342,0.00022841695
0.13544597,0.04518222,0.03007721
0.052786283,0.9886142,0.99144566
0.05287378,0.0009774389,0.0010179122
0.020856781,0.0024675617,0.0010719473
0.034427837,0.0019680143,0.003053597
0.04772846,0.0012537858,0.001013431
0.017269915,0.007289174,0.0029390638
0.017126301,0.0008452394,0.0013796687
0.13868915,0.9941718,0.9971921
0.020372959,0.0007461427,0.0006304871
0.032711063,0.006113488,0.0016664363
0.029576553,0.004290106,0.004051018
0.14172317,0.0026546852,0.012813805
0.017301157,0.000368421,0.00014708382
0.056588214,0.0061478186,0.0027401652
0.01901704,0.00062323804,0.0010342953
0.048826743,0.2429139,0.004148922
0.036032647,0.02248415,0.0035335096
0.021826847,0.00044913153,0.0011305673
0.05200334,0.0015452412,0.0007987326
0.031445507,0.004547748,0.006222796
0.018700378,0.0004722792,0.0003970015
0.025613112,0.2757891,0.029062176
0.025923364,0.007108022,0.0025760208
0.05807781,0.45436075,0.27745786
0.055334877,0.014116492,0.007666593
0.019250475,0.00057752314,0.0004271407
0.017374923,0.00066154107,0.000172342
0.01984931,0.00915596,0.006337633
0.9407287,0.9955922,0.9975452
0.04142928,0.027800482,0.011538816
0.03395899,0.008158378,0.010348175
0.02569509,0.019111566,0.010180174
0.023894,0.0069934726,0.004077811
0.017877374,0.0004478513,0.00070042204
0.018636618,0.0008057542,0.001431511
0.21177717,0.0010746666,0.0046854946
0.01950308,0.0006660907,0.000746847
0.017150253,8.904415e-05,0.000119708675
0.10891344,0.9974909,0.9971994
0.28223175,0.048829466,0.051209677
0.05413972,0.0025375276,0.0019150149
0.030512327,0.03468866,0.021156061
0.038299765,0.024773754,0.0143556865
0.028725285,0.0021744457,0.003993746
0.01722563,0.00068311876,0.00077878335
0.017049832,0.007632001,0.0016211477
0.078164995,0.0045990692,0.0023208703
0.017680427,0.0026082885,0.0011853471
0.027796196,0.99645364,0.99668115
0.0169252,0.005087504,0.0049672015
0.124000296,0.98769915,0.99254495
0.025762247,0.028280955,0.004963213
0.017232308,0.00046520995,0.00025234235
0.27783516,0.0986841,0.011481086
0.32300907,0.00052152143,0.01025266
0.019106044,0.015640177,0.012556249
0.022746034,0.0027149932,0.0023649952
0.017685752,0.00034934582,0.00011619634
0.023700071,0.0015340414,0.0005329405
0.017250892,0.00034172498,0.00047541453
0.37243474,0.0056456146,0.008484357
0.74463075,0.9979814,0.999694
0.043011427,0.0019257813,0.0052829
0.06418079,0.023232719,0.0050717145
0.029541237,0.10137486,0.055402216
0.01849454,0.0009516063,0.0005284648
0.019863015,0.9884389,0.98969555
0.021469459,0.0022587369,0.0028621
0.02687145,0.02094101,0.023010282
0.019286659,0.00029351076,0.00024569465
0.02380984,0.0048085,0.00053606863
0.018426392,0.00024167205,0.00046203664
0.0312166,0.009738283,0.0033607075
0.02230712,0.0038326508,0.0005552449
0.018241378,0.00017456447,0.00019627264
0.042844452,0.06894958,0.009140974
0.018860415,0.0016432569,0.0017377671
0.017451312,0.000682743,0.00032374312
0.017421447,0.0010829768,0.00064059225
0.020407815,0.00090441486,0.0008713013
0.2351707,0.9863099,0.9889148
0.019350437,0.00015630052,0.00014212998
0.9416669,0.008142204,0.99742186
0.8462028,0.9953466,0.9996369
0.8948049,0.9831597,0.9996032
0.021231279,0.9919762,0.09713975
0.025253568,0.002483492,0.0025026463
0.06780061,0.9923856,0.9917801
0.19000521,0.99564373,0.9961152
0.033786517,0.024725955,0.018172119
0.018872848,0.00020993252,0.00025395
0.13616918,0.99260545,0.99744284
0.054515183,0.014051836,0.0083088055
0.019405397,0.9905714,0.9936575
0.05163916,0.035580084,0.03018868
0.035919115,0.002631759,0.0011511002
0.105837025,0.011667315,0.00755762
0.022666844,0.00029518892,0.0015844557
0.02015542,0.00023632118,0.0004498977
0.03514875,0.016302172,0.003900241
0.020567937,0.010752805,0.0068540787
0.024310673,0.009915013,0.007260567
0.018566808,0.0009781086,0.00089932006
0.01694001,0.00015996119,0.00013912254
0.03823601,0.9910789,0.99314356
0.66131544,0.0020420242,0.98229754
0.017558234,0.00030330778,0.00034105466
0.017789753,0.00059332093,0.0003052363
0.04251734,0.06481254,0.054760657
0.026846232,0.0043542567,0.0013090812
0.038801767,0.040606264,0.014127507
0.044710483,0.9842157,0.98856676
0.023363877,0.0015912396,0.0031287544
0.017338034,0.0011333207,0.0009362298
0.633712,0.0029552504,0.9870855
0.08694385,0.014035509,0.009917719
0.016855823,0.020529255,0.0071063833
0.016871333,0.0022231615,0.0026776346
0.7658385,0.6691423,0.97622836
0.020091023,0.0050366055,0.008571996
0.019971102,0.0024539114,0.0018896582
0.12838845,0.041957732,0.023451516
0.046813104,0.0130345,0.0071532256
0.03898153,0.9771727,0.98448503
0.019699952,0.00022362031,0.00035101216
0.96188027,0.05618268,0.9990262
0.017397994,0.005751727,0.0015340034
0.11312173,0.0019058328,0.0022088166
0.056580734,0.0057608695,0.0030277558
0.017872503,0.004671202,0.004266192
0.027727738,0.001125378,0.0014210965
0.018517563,0.0013038657,0.0015055207
0.017420704,0.00084080634,0.0005056664
0.04441465,0.01909263,0.0057756226
0.017561287,0.0011739878,0.0004422189
0.055730324,0.0034954469,0.00614067
0.017566355,0.0063626124,0.0020983755
0.034685172,0.99338704,0.9967445
0.06902792,0.023518136,0.012565552
0.9414933,0.017904118,0.99770594
0.91337204,0.9969778,0.9997639
0.020801047,0.9958973,0.9970324
0.9414357,0.9749102,0.99886787
0.046074174,0.04782012,0.026747743
0.05509059,0.026105013,0.010264498
0.017238496,0.0009506575,0.00069096836
0.032996498,0.99822134,0.99820805
0.023820145,0.005041557,0.0074631334
0.016996404,0.0063210134,0.001957233
0.017066885,0.00030925366,0.00036514906
0.017411081,0.009127746,0.0049728444
0.017155712,0.0025097295,0.0008190751
0.07372707,0.05323161,0.04204391
0.01702601,0.0008267561,0.0002655352
0.021504503,0.0038804526,0.002104304
0.025107669,0.00065071695,0.0016812362
0.01747554,0.0005578623,0.00026199216
0.04596832,0.0017636066,0.0043284902
0.018206865,0.00035512244,0.00028741444
0.017858637,0.00027999948,0.00031662552
0.1098919,0.0029462033,0.0014510335
0.01825882,0.0015469564,0.0014485649
0.01882466,7.761764e-05,0.00012912884
0.016716495,8.278109e-05,0.00010752219
0.018088847,0.002756466,0.00194184
0.03572329,0.0014401205,0.0014722849
0.01666561,0.0011043824,0.0004417508
0.016941695,0.00020720987,0.00029961093
0.01883754,0.0047809435,0.004248519
0.058668006,0.0007133744,0.0008977756
0.03129292,0.0020982947,0.0018375692
0.017859349,0.027609142,0.011872974
0.04443837,0.7790606,0.5136566
0.016920386,0.0004207655,0.00026280523
0.01722836,0.98905236,0.991846
0.029972695,0.00042166232,0.00065578945
0.017792627,0.0011721278,0.0006776939
0.025706273,0.0009636791,0.0030827643
0.025627092,0.021104485,0.015965952
0.05771412,0.33685005,0.03736767
0.0984136,0.9896625,0.99059945
0.023630299,0.0019950077,0.0030977628
0.01701662,0.00076993834,0.000616884
0.020504821,0.0031598152,0.0047927946
0.017263725,0.00016198232,0.00018586016
0.017298985,0.9858823,0.99029845
0.06459356,0.025997793,0.009684278
0.018334439,0.00028480374,0.00026332415
0.017380372,0.00026811857,0.00033565672
0.017156772,0.0006608548,0.00036489658
0.030656843,0.00058375014,0.0005736877
0.02472592,0.0015051443,0.0012464456
0.065773495,0.0012273823,0.0019531585
0.018518325,0.02365767,0.0069091497
0.018912524,0.02329398,0.0038695454
0.01770538,0.0011418496,0.00043455718
0.018978415,0.98328996,0.98810697
0.11535408,0.9995498,0.99939287
0.026229007,0.035463262,0.027338829
0.028544113,0.510936,0.022670675
0.019600717,0.00024968752,0.00039421543
0.09164456,0.9928028,0.9915775
0.032453876,0.05491687,0.016292686
0.023079203,0.014283088,0.009593337
0.016583025,0.00066696986,0.00041962048
0.031831857,0.9948155,0.9962565
0.06156206,0.0011561761,0.0018512012
0.06604784,0.002481958,0.0056684674
0.017051047,0.00033293516,0.00014704862
0.016694995,0.00026491896,0.0001277336
0.03067349,0.0015376726,0.0026355993
0.034913994,0.0065425057,0.0058098207
0.18791145,0.008032565,0.0039321356
0.017149208,0.0002183426,0.0002269027
0.80271125,0.9961468,0.9997924
0.030704647,0.18333602,0.008877957
0.93839115,0.018946808,0.9983714
0.9591457,0.02151434,0.9975727
0.062428944,0.9867338,0.9903294
0.016907342,0.00022890899,0.00027433902
0.01751137,0.0029702685,0.0008515875
0.01752189,0.0016965751,0.0005581245
0.7380308,0.004397275,0.9894415
0.03926504,0.0026138357,0.0017608886
0.017132139,0.0014296066,0.0010765366
0.021481544,0.00014212416,0.00029869084
0.019199025,0.00043844664,0.0008094608
0.019773087,0.02829823,0.008475124
0.95681167,0.029062608,0.9994029
0.020114511,0.0005973248,0.00070440327
0.028666282,0.03753089,0.010584681
0.07773642,0.011068761,0.013562818
0.022447968,0.00034412855,0.00018300816
0.017572775,0.0065810154,0.0012526058
0.02878344,0.0010387701,0.003586343
0.017520782,0.0068437904,0.005648094
0.14876989,0.0004101682,0.001323889
0.016884563,0.00028201766,0.00018185019
0.08093375,0.85921633,0.07452223
0.019277213,0.0018595462,0.0023995887
0.021047724,0.0010206924,0.0016122836
0.017313119,0.0023415121,0.0012354314
0.042614184,0.0014643889,0.0013676892
0.01736758,0.0006873889,0.000630102
0.017280003,0.002094823,0.0013405732
0.021120341,0.00013926403,0.0002462434
0.018391082,0.0003875807,0.0009587187
0.19660044,0.004626232,0.0054519167
0.0523953,0.9878235,0.9923018
0.09914613,0.0020140277,0.011285807
0.090273455,0.0018538957,0.00072253234
0.09163343,0.0019470572,0.0014442228
0.035720672,0.00056572654,0.0010123387
0.017570874,0.0015881254,0.0012209674
0.01760984,0.00014579944,0.00017311262
0.025101151,0.00028819538,0.00078307977
0.018769644,0.0006479541,0.0002978548
0.017204035,0.0013398131,0.0006433367
0.04527006,0.9889488,0.99009705
0.016950743,0.0011087813,0.00031325218
0.028324112,0.0032356465,0.0017570022
0.032698076,0.06627985,0.02508429
0.016824504,0.00019017655,0.00014272715
0.024615556,0.9977449,0.9982686
0.031069206,0.0007872552,0.0015182854
0.017160006,0.011536025,0.011311098
0.017899858,0.0005533872,0.00049232756
0.25351894,0.0005791294,0.013129264
0.016863925,0.00017995472,8.191604e-05
0.018530998,0.0085554095,0.004690376
0.16437285,0.01200855,0.008719529
0.017520152,0.0018651836,0.0007474312
0.03100782,0.13999659,0.011949157
0.028146125,0.9439042,0.044833753
0.017777225,0.0062832534,0.0027780395
0.034714486,0.99457055,0.99536884
0.022893274,0.011437733,0.0064861183
0.66290706,0.19835459,0.99284184
0.021970995,0.00013420306,0.00013762825
0.019019868,0.002526096,0.001949264
0.018152304,0.010680488,0.003611223
0.031941853,0.9953934,0.9948782
0.018225212,0.0009178577,0.00013113579
0.02385357,0.9922242,0.9906522
0.0172812,0.00026923927,0.000330416
0.017508056,0.0016023605,0.0014111297
0.017019562,0.0007959719,0.0008084333
0.021151738,0.9960328,0.99398094
0.017114988,0.000300877,0.00021299231
0.052552924,0.010656658,0.016500264
0.017581321,0.00076951843,0.00047157338
0.016972186,0.00048689594,0.00019696518
0.016842317,0.00050220627,0.00035266497
0.022180654,0.0009033547,0.0013152581
0.016906114,0.001469205,0.00034103013
0.018036725,0.0014918923,0.0007958418
0.019535096,0.00015253748,0.00014497306
0.016883304,0.00036329764,0.00014653422
0.017503783,0.00051481795,0.00015208828
0.016929954,0.00068981,0.0005449942
0.016763894,0.0004058832,0.0005760048
0.016676132,8.8214125e-05,5.8868376e-05
0.051725913,0.072775975,0.025032869
0.028105974,0.0010789956,0.0035753218
0.016695635,0.002720839,0.0009930468
0.017213173,0.00079842104,0.0007076396
0.020959148,0.00018375584,0.000344301
0.018578142,7.838735e-05,8.476633e-05
0.017646834,0.004660951,0.002834804
0.030692857,0.0027021475,0.0012416176
0.034480136,0.003698313,0.0034730595
0.060868002,0.051204484,0.013854941
0.96780145,0.0639466,0.9996772
0.020903891,0.0031760205,0.001501303
0.21230948,0.010221204,0.011120492
0.93794453,0.9836051,0.99539584
0.017206494,0.9840517,0.9885744
0.03390753,0.0018993356,0.0019142575
0.025059136,0.99747914,0.9984017
0.045733064,0.002482606,0.0014517101
0.041833427,0.009369459,0.0059891776
0.048835743,0.0026780344,0.0018558989
0.017217351,0.00057787495,0.0005220016
0.03555787,0.9935441,0.99683315
0.017362846,0.0178079,0.005055542
0.016798731,0.000485,0.0002532329
0.016959151,0.00016521361,9.646968e-05
0.017331747,0.00072216504,0.00027035412
0.09382573,0.017942904,0.019261168
0.070840776,0.00035108512,0.0010054087
0.017393209,0.00039916704,0.00026532236
0.0259932,0.99276054,0.9930856
0.017272765,0.0018845918,0.0014070066
0.02107056,0.0012424961,0.0007328427
0.017524492,0.0005084438,0.0005657263
0.09660916,0.019965779,0.03230998
0.044631336,0.0013732362,0.0022703619
0.05572936,0.003094069,0.002946905
0.018657787,0.00086971826,0.0012181138
0.1417143,0.017236121,0.020429246
0.020189092,0.0017201016,0.0007200145
0.017641537,0.00049894897,0.00023065488
0.092471585,0.9965804,0.9972185
0.04988535,0.03629811,0.03372144
0.018730432,0.00066078367,0.00047557385
0.017236331,0.00015354804,0.00018837203
0.021458097,0.001321033,0.0016235026
0.09975727,0.0071756113,0.009212534
0.01686927,0.0026412746,0.0009169835
0.017025076,0.0013404301,0.000488243
0.03018466,0.00018105295,0.0007183343
0.055638354,0.0018970303,0.0008168692
0.056832317,0.014755312,0.013509811
0.04039272,0.012904841,0.0054119155
0.04235306,0.0017915027,0.0023885735
0.29073283,0.0028054174,0.0030982327
0.080030516,0.031238262,0.029997464
0.050133463,0.020608064,0.0053805267
0.02562983,0.0003349169,0.0006884516
0.034375045,0.01740764,0.004758579
0.016752463,0.00031517236,0.00021068851
0.017636068,0.0003114871,0.00049529225
0.07398846,0.9904608,0.9920616
0.036706347,0.009150731,0.0023646972
0.071430996,0.99178505,0.9950181
0.054776356,0.9978315,0.99630404
0.049088325,0.027198972,0.012614089
0.06421017,0.0020418318,0.0027148228
0.020299776,0.00025312474,0.00059025537
0.01751078,0.00027831766,0.00043187657
0.017050335,0.0002814399,0.00018046764
0.9739378,0.04764995,0.9996414
0.1066619,0.23053893,0.033466373
0.9758582,0.033699773,0.9994388
0.020960419,0.0034392,0.0020106626
0.02942657,0.0007597731,0.0016077698
0.06863349,0.011105672,0.0024005545
0.07837486,0.9974732,0.99571425
0.017580984,0.0001951703,0.00012099435
0.05684535,0.00058894296,0.00088891253
0.040302318,0.0065406347,0.0016162398
0.07088341,0.9882826,0.9911045
0.0501346,0.9881662,0.99148506
0.053515274,0.047430538,0.016416978
0.08762516,0.70496774,0.039341073
0.030700829,0.9741992,0.030318454
0.027462833,0.0004420393,0.00034226506
0.0175084,0.0004804151,0.00031082882
0.05934337,0.00076272845,0.0016677402
0.020688212,0.00039672607,0.00033472312
0.030131528,0.00034167626,0.0007603558
0.020750282,0.0006610756,0.000429374
0.028091729,0.014180124,0.0035474065
0.023030365,0.0007274987,0.0024224424
0.017586429,0.00024257212,0.00016978708
0.035831753,0.0012849077,0.0018598372
0.052498884,0.0033357241,0.0033571445
0.09597391,0.0052267737,0.003553605
0.017515777,0.00053660513,0.00041195843
0.022561328,0.0007164467,0.0006587395
0.019569864,0.9822061,0.9848828
0.021321792,0.00056700915,0.00089965854
0.022949276,0.00019428022,0.00023901569
0.017471962,0.0048459223,0.0046480782
0.017178375,0.9901181,0.989022
0.017222855,0.0002046981,0.00027893423
0.017986704,0.0018892814,0.0011260965
0.020944342,0.0210304,0.02835376
0.023353795,0.0006388613,0.0007805028
0.5670915,0.9959557,0.9993525
0.027487358,0.97786945,0.04799735
0.019401032,0.99815124,0.9940911
0.019803677,0.9967913,0.9941876
0.040010683,0.0024978302,0.0029316675
0.050471526,0.013247837,0.00848538
0.0494771,0.0009666396,0.002496628
0.78595847,0.024759479,0.9945269
0.017320227,0.0009546317,0.0009650155
0.053737573,0.0040382254,0.009176722
0.030901773,0.0012578412,0.0012716032
0.022626527,0.041392714,0.025740594
0.03188108,0.008428111,0.008400917
0.019407075,0.002485001,0.00050618994
0.01660955,0.00097317,0.00087734114
0.16306567,0.004455356,0.0066513564
0.034728277,0.017310612,0.0037712227
0.018714188,0.02389879,0.006284513
0.08392865,0.35079825,0.04723024
0.023714729,0.00350971,0.0032448268
0.016856844,0.00020005657,0.00014822325
0.016827201,0.00029312904,0.00015977796
0.01682949,0.0001749991,0.000101956466
0.017267851,0.00020656758,8.450524e-05
0.01729285,0.0015462671,0.0012446803
0.30478486,0.009420596,0.0030412697
0.048441574,0.026072478,0.0037427687
0.01772728,0.00027087374,0.00018164137
0.01770835,0.00054159225,0.00045986712
0.018034948,0.0022598805,0.001142091
0.028352736,0.0005034244,0.0009207566
0.0168996,0.0012257665,0.00052738265
0.017104996,0.00044445365,0.00038372594
0.042396918,0.0066067306,0.008239667
0.022340393,0.0011055603,0.0038083873
0.02878994,0.07722586,0.031624667
0.021262784,0.0011118689,0.0014841831
0.017067678,0.0013280988,0.0006621797
0.08996568,0.24128187,0.0141838435
0.4912505,0.012973842,0.02861772
0.1269587,0.9915679,0.99575835
0.0743194,0.99850535,0.9984919
0.01880825,0.06464801,0.009573771
0.019038389,0.005271516,0.0012223171
0.017876169,0.000116417825,0.00013690065
0.01906333,0.0013619134,0.001730083
0.01749003,0.0006544402,0.00029621765
0.017538808,0.0003975821,0.00017317386
0.020052496,0.00050310197,0.00033226327
0.047149867,0.0003465738,0.00059949956
0.07147271,0.0009534314,0.0018828184
0.023226628,0.0039880276,0.002780547
0.0412635,0.00049940555,0.00046167386
0.017205883,0.00038520133,0.00011995848
0.01778013,0.0006923325,0.00084798335
0.11081338,0.017221337,0.0122163985
0.017589742,0.00020863747,0.00030345444
0.021181846,0.001503981,0.0014795313
0.019360343,0.0005124012,0.0006118702
0.04236811,0.0049657,0.0075072017
0.017540764,0.00053797744,0.0002929994
0.093552105,0.0049899844,0.009962493
0.03004628,0.016146805,0.0066312454
0.08408353,0.0035784217,0.00772336
0.01786272,0.0010874792,0.00043652992
0.03154764,0.0047948053,0.006194971
0.017712148,0.00014442999,0.00016436042
0.017555349,0.00033257605,0.00036591114
0.017197756,0.0003831621,0.0002178674
0.017196933,0.00019789983,0.00013529624
0.15848944,0.020954829,0.02003703
0.7505307,0.0012551902,0.98719984
0.0839137,0.023036877,0.0041903583
0.024206169,0.99498135,0.9919808
0.016945405,0.0002618306,0.00019178336
0.019431192,0.0002303762,0.00024775486
0.016954025,0.00013708301,0.000100544254
0.016884167,0.0004970204,0.00028903078
0.017040651,0.00017436635,0.0001358546
0.017786728,0.0007921337,0.00043775837
0.017044527,0.0007394042,0.0005463093
0.018900136,0.0019642324,0.002299502
0.049896855,0.99834216,0.9988626
0.01991802,0.0036243466,0.0027577402
0.05109055,0.0005977266,0.0020503015
0.07051894,0.055319633,0.0284141
0.07281775,0.99028355,0.9888099
0.95928615,0.049028553,0.9993824
0.037331205,0.9955557,0.9960157
0.033400953,0.99736327,0.99887806
0.019539911,0.07261957,0.03045165
0.023038879,0.0032375725,0.0058999388
0.032876134,0.033234183,0.033061184
0.018050926,0.0026767727,0.0012254191
0.021081574,0.0002253145,0.00018039951
0.025434665,0.00041458043,0.0006803417
0.024743542,0.0059818015,0.002959567
0.021805521,0.004697224,0.008285073
0.018260295,0.008386217,0.002799525
0.019081693,0.0014050718,0.0006100371
0.07163055,0.0023584869,0.0019212608
0.042434365,0.013672671,0.005663272
0.018158955,0.0032504455,0.003258653
0.061766703,0.010136974,0.0056713196
0.11674416,0.18976822,0.009817792
0.14367904,0.058287393,0.04340451
0.27603963,0.0032527263,0.0030318378
0.034192156,0.00057951617,0.00060510286
0.083307795,0.0036312563,0.00082016416
0.06861169,0.0008246632,0.00087903143
0.10759657,0.0022214984,0.0036484508
0.058393262,0.983639,0.99052167
0.018967217,0.99072874,0.99265116
0.01766436,0.000417802,0.000250281
0.018231513,0.023410626,0.017659081
0.020646404,0.0009407875,0.002282928
0.114271514,0.0024328309,0.006698645
0.0438933,0.0046430426,0.0012352413
0.12892479,0.7114128,0.66339546
0.020543782,0.005854183,0.0045259455
0.12520818,0.99554634,0.9967397
0.12633163,0.22155029,0.015467453
0.019338068,0.00083750125,0.00044948742
0.017985065,5.9226953e-05,6.8929236e-05
0.018085316,0.002352576,0.0012647863
0.017443866,0.0016752221,0.00090632733
0.019351207,0.00044309258,0.00071453786
0.10696879,0.99234855,0.9942227
0.12130433,0.00095537136,0.001087347
0.017225107,0.0005774381,0.0005397479
0.028010674,0.9974662,0.99629754
0.018748987,0.000396909,0.0004556281
0.022185914,0.95828366,0.06619246
0.120811164,0.00080213364,0.003981752
0.1371764,0.9981261,0.9987876
0.05748252,0.002242054,0.000671108
0.019326026,0.00051169837,0.00040965006
0.027599055,0.0012221647,0.00052023085
0.032237154,0.0008584109,0.0011750573
0.06523348,0.000712665,0.0011950077
0.0191844,0.0062974826,0.0062663797
0.021783935,0.022971386,0.018258657
0.46980274,0.97985464,0.9970964
0.017800337,0.013349375,0.014023973
0.01788652,0.0027681591,0.0018022603
0.017517073,0.0013611005,0.0027951766
0.06197936,0.0009814631,0.001053775
0.20731992,0.055090625,0.03649224
0.01771966,0.00016126093,9.056804e-05
0.07671841,0.9924819,0.9953412
0.09008723,0.38864434,0.010963812
0.017414704,0.0047579654,0.0025469058
0.023804212,0.9862688,0.99120104
0.018070128,0.0086724805,0.0035452866
0.024712544,0.0047409567,0.0059835087
0.05195502,0.0035276199,0.011245865
0.099990875,0.032833192,0.010415871
0.035686016,0.008409243,0.010228278
0.6729637,0.20583713,0.99180543
0.05322509,0.011484999,0.007134205
0.019281587,0.0006134874,0.0004306143
0.026413076,0.02515107,0.008665579
0.017145663,0.0002870281,0.00019705176
0.017160159,0.00020153,0.0002351069
0.016955368,0.003018377,0.0012931925
0.017237728,0.0012469342,0.0005317656
0.017290078,0.0061016064,0.0028036318
0.026408192,0.00062603067,0.00059878663
0.017252453,0.010464369,0.008269298
0.01961089,0.0012617187,0.0005975122
0.017322915,0.00049382664,0.00046267215
0.11443189,0.011353672,0.004542766
0.033951286,0.07910862,0.04654755
0.019511314,0.00083702896,0.0002466358
0.11299101,0.011966019,0.0163688
0.18834177,0.018036509,0.0058260188
0.017139575,0.0021193044,0.0005716744
0.016846169,0.01031522,0.0036149947
0.01709465,0.0006314495,0.0004752727
0.017079618,0.0011969729,0.00054549397
0.08372685,0.99552804,0.9944238
0.021571811,0.010291156,0.014703109
0.021770908,0.0001357189,0.0002103198
0.02363096,0.037849285,0.00204836
0.01709296,0.002329271,0.0006621766
0.017177401,0.0007599309,0.00017957625
0.016837215,0.0021439928,0.000813159
0.016909506,0.0011624714,0.00031103485
0.017300557,0.0010887521,0.00070760085
0.039626896,0.01669122,0.011868746
0.049908314,0.106870264,0.069972806
0.11150239,0.0046432717,0.005808127
0.017249146,0.0005855938,0.00051653903
0.017794712,0.0014368226,0.001168744
0.016994692,0.0006274356,0.0002804344
0.01708145,0.0021462403,0.00057096704
0.017656451,0.0008241365,0.000596929
0.017472535,0.00040979887,0.00028737693
0.017137712,0.000512222,0.00063087506
0.017105766,0.00040872346,0.00033062993
0.017535334,0.00057654496,0.00038389536
0.017981755,0.008698818,0.0028869691
0.020685421,0.017935839,0.0018201597
0.01756786,0.06238967,0.039374713
0.029240841,0.0012209121,0.0016689656
0.026762307,0.61539173,0.027522873
0.064737365,0.98782605,0.9913146
0.066326104,0.03800108,0.017509066
0.017256819,0.00045448725,0.00031764412
0.017687336,0.00020183825,0.0002767499
0.022712043,0.0040301136,0.0006707004
0.017766796,0.0033482285,0.001351572
0.01754184,0.0007828272,0.0003612412
0.018037075,0.00022085849,0.00043701933
0.016948923,0.0005318249,0.0002922765
0.075411424,0.014435446,0.0057285763
0.023857765,0.0007745997,0.00056593015
0.020871768,0.9974953,0.9974611
0.016959978,0.00068987283,0.00069947215
0.027441576,0.0038714574,0.006887638
0.022767069,0.9908737,0.99586064
0.018152755,0.023558231,0.007634092
0.021110697,0.03245387,0.016014466
0.017163826,0.00033430854,0.00031431118
0.018088907,0.00027814604,0.00030652524
0.018549081,0.0002872309,0.0003603653
0.19550231,0.01387867,0.012619244
0.021466801,0.025683867,0.008157179
0.018398663,0.002783407,0.0004768776
0.017733756,0.00069463276,0.0005122994
0.021330437,0.00588227,0.0038193786
0.018996386,0.0067543047,0.00607051
0.01707488,0.00017302565,0.00020311183
0.018885443,8.742827e-05,0.000100279314
0.01681021,0.00018163843,0.0004358075
0.017094795,0.0005961961,0.0006605658
0.017385233,0.0020008017,0.0009373034
0.016680973,0.0005170166,0.00053331046
0.017276991,0.00022983365,0.00032534648
0.022254182,0.00039874663,0.0006636376
0.024055814,0.0014476307,0.0029463687
0.02313502,0.0008648814,0.0018469548
0.06394054,0.0011323802,0.0048048957
0.017187016,0.00026547216,0.00042771501
0.019880634,0.00044622898,0.0011619289
0.019714406,0.009809108,0.005326839
0.019676583,0.00051483436,0.0010282579
0.017169498,0.00035076763,0.00042270104
0.019401772,0.0010665399,0.001075009
0.018974295,0.005134172,0.005931952
0.02015158,0.0056956983,0.007431246
0.020761024,0.0033205997,0.0012946436
0.021394625,0.01250798,0.0061154733
0.03295204,0.00819848,0.003990445
0.018892096,0.00044103464,0.00034229035
0.017324293,0.0015481786,0.0026596943
0.04647802,0.052144803,0.031485636
0.017802354,0.00032629608,0.0006257962
0.017070765,0.0012332451,0.001997241
0.01727478,0.0020296152,0.0033764052
0.017299503,0.0007662899,0.00051813823
0.017127031,0.00043374227,0.00028889248
0.016907904,0.00057753304,0.00056286197
0.017383613,0.00090650446,0.0005932073
0.017129079,0.0009278406,0.001009259
0.016837327,0.00025639654,0.00040850745
0.01726676,0.00050682697,0.00037660936
0.017243698,0.0012317654,0.00032033218
0.016886218,0.0029959108,0.0011133697
0.017350981,0.00030825313,0.00024775768
0.017422842,0.00089558196,0.00066944875
0.01715638,0.001426715,0.00092397036
0.017293733,0.00031860435,0.00034420876
0.016855404,0.0049243583,0.0022570083
0.017563557,0.054229733,0.013888593
0.022112748,0.050521683,0.010869063
0.033735838,0.0025649616,0.0035581987
0.019702718,0.019049134,0.0058596805
0.038390048,0.0016247969,0.0048334613
0.017026242,8.3932384e-05,9.339746e-05
0.016720187,0.011432143,0.0013879137
0.017041953,0.0014141364,0.00043856972
0.017500421,0.00060240726,0.0003655787
0.016868265,0.00039193378,0.00045313305
0.01719965,0.00039194242,0.0005279759
0.017058024,0.00046821337,0.00031388507
0.017413897,0.00018994421,0.00024298577
0.017245872,0.0044510053,0.0017724346
0.03799903,0.025922466,0.00894499
0.02339282,0.0059538935,0.008153923
0.026161546,0.014369735,0.0032846187
0.02673834,0.00058653054,0.00072821346
0.039077282,0.70366186,0.010949911
0.01804437,0.9833055,0.98733574
0.022386603,0.99919516,0.99898094
0.018585406,0.0015795376,0.0010805962
0.01969817,0.003912563,0.0017840271
0.01976778,0.00514719,0.0035880478
0.018565549,0.9894413,0.99058175
0.02342278,0.00037878178,0.0009818587
0.022517212,0.9886563,0.9920987
0.12600115,0.008865076,0.0049599973
0.01779132,0.00025077496,0.0002997192
0.1453329,0.60993695,0.03141791
0.06464664,0.016016683,0.0063171717
0.01777382,0.00028405554,0.0003863587
0.018097881,0.00026351126,0.0004535053
0.016692974,0.00031722224,0.00031147938
0.017374566,0.0015724329,0.0008418915
0.01675174,0.00036078534,0.00020047877
0.019050498,0.0004458708,0.0005868121
0.018353626,0.00067051605,0.00042081744
0.01892483,0.0021654353,0.0013480071
0.019716194,0.0035864862,0.0017547631
0.017408155,0.00024472256,0.00024570027
0.016684227,0.0012148896,0.00087733445
0.017284887,0.000108668384,0.00014604545
0.01659117,0.0013484117,0.0008951118
0.38403395,0.005027748,0.012411798
0.020202784,0.03494815,0.019625513
0.030645106,0.002971007,0.0036989546
0.07610421,0.46619704,0.26916543
0.030275486,0.0015266453,0.0012770462
0.01683998,0.00019041896,0.00021243557
0.016792385,0.0022638126,0.00070258306
0.018920839,0.0268596,0.008569055
0.017270474,0.002575036,0.0013287555
0.01680071,0.06847228,0.03941033
0.017486252,0.0014500963,0.0011102621
0.019081155,0.0026351933,0.0023026604
0.016624447,0.00029895522,0.00022680582
0.01750612,0.033897884,0.024933426
0.017356656,0.01592702,0.0070144283
0.017481033,0.0004361435,0.00027219745
0.022026733,0.0025135214,0.0049881404
0.022775674,0.00042609574,0.00048451574
0.01717572,0.00034308716,0.0003639322
0.017445771,0.00024031271,0.00024927006
0.016664267,0.00019780097,0.00020399435
0.018730175,0.0011416906,0.0008461415
0.02119582,0.0007619696,0.0004820769
0.021913681,0.0009790638,0.0009952324
0.016745048,0.0003059355,0.00018729153
0.016711315,0.001629298,0.0007242606
0.07875543,0.0038164386,0.0020046674
0.018061964,0.0023943482,0.0005218442
0.9512601,0.04819816,0.99740964
0.9768524,0.12870194,0.99959606
0.9451412,0.0074227,0.9985796
0.94962347,0.072318174,0.9991665
0.9326938,0.71379286,0.99797124
0.9273764,0.041325502,0.99793696
0.95414203,0.98662263,0.998841
0.9082874,0.6138967,0.9988901
0.97239786,0.089053616,0.9996314
0.971375,0.13730776,0.99957293
0.9488681,0.05766094,0.9989742
0.93051594,0.27668384,0.99880934
0.9595251,0.12453339,0.9990559
0.9321774,0.46655726,0.99717206
0.06611121,0.9921163,0.9941024
0.12138308,0.03656894,0.0252822
0.087335676,0.010932336,0.006177306
0.17084031,0.005942142,0.003933787
0.061952747,0.0020950285,0.00087210577
0.14025588,0.0036373448,0.0069505326
0.027527003,0.002993775,0.005494194
0.08805226,0.022516377,0.013992978
0.11287286,0.025844738,0.018107668
0.17427532,0.989581,0.99528015
0.13653603,0.048767623,0.025219193
0.15609348,0.9914283,0.99205875
0.048166294,0.07589742,0.004205861
0.1834441,0.0012731926,0.001117254
0.0682304,0.98641866,0.9895047
0.06980618,0.7997033,0.024425793
0.12759404,0.009532889,0.007965797
0.19038458,0.99136907,0.9955195
0.1704032,0.993608,0.99414235
0.050111853,0.003030953,0.0026089982
0.09674716,0.8131241,0.032576617
0.07896874,0.3337094,0.0335272
0.0765217,0.09501734,0.0046899575
0.7151123,0.29866835,0.9923636
0.110313766,0.99474937,0.99489474
0.26123118,0.03325071,0.027262563
0.10366842,0.027684133,0.0060162377
0.10531845,0.84607846,0.3930866
0.22629362,0.9878535,0.99118125
0.10853627,0.008191582,0.004117032
0.09264718,0.10306339,0.011825507
0.091752626,0.99575496,0.9958949
0.049241606,0.0043113176,0.0005161129
0.16965504,0.022687748,0.022460198
0.031007422,0.0070802188,0.0067664497
0.031198364,0.0005846039,0.00075480697
0.029278148,0.0052557965,0.0042279605
